CSI_DATA,AP,14:85:7F:82:8E:F8,-72,11,0,0,0,0,0,0,0,0,0,-96,0,6,0,8077886,0,222,0,0,8.25108,128,[-34 -32 13 0 -26 -3 -29 -4 -32 -3 -30 -3 -33 -4 -35 -5 -34 -2 -35 -9 -33 -6 -32 -6 -32 -8 -33 -5 -29 -9 -30 -7 -28 -7 -24 -8 -20 -5 -20 -4 -17 -6 -16 -4 -15 -6 -13 -6 -12 -4 -12 -5 -10 -6 0 0 0 0 0 0 0 0 0 0 0 0 0 0 0 0 0 0 0 0 0 0 -6 -10 -2 -13 -2 -15 -2 -16 2 -16 -1 -18 1 -22 1 -16 6 -21 5 -22 4 -30 8 -28 7 -28 6 -27 7 -24 4 -26 4 -25 2 -19 1 -14 1 -15 -4 -14 -6 -11 -11 -10 -11 -8 -15 -5 -16 -4 ]

CSI_DATA,AP,14:85:7F:81:BF:55,-83,11,0,0,0,0,0,0,0,0,0,-96,0,6,0,9287160,0,222,0,0,9.46013,128,[-34 -32 13 0 -18 2 -10 2 -13 10 -12 8 -6 14 -12 12 -4 24 -6 24 -7 25 -6 27 -7 27 -13 33 -15 30 -15 22 -17 27 -21 21 -14 11 -15 9 -12 8 -16 9 -14 3 -17 5 -16 8 -18 2 -13 4 0 0 0 0 0 0 0 0 0 0 0 0 0 0 0 0 0 0 0 0 0 0 -14 13 -8 1 -15 1 -14 -2 -17 -7 -10 -9 -10 -11 -5 -13 -5 -12 -3 -13 -4 -14 -13 -18 -11 -20 -15 -21 -14 -16 -13 -27 -15 -19 -19 -19 -18 -17 -23 -18 -21 -13 -30 -16 -22 -12 -23 -13 -24 -11 -23 -7 ]

CSI_DATA,AP,14:85:7F:82:8E:F8,-73,11,0,0,0,0,0,0,0,0,0,-96,0,6,0,11055676,0,222,0,0,11.2286,128,[-34 -32 13 0 -1 -28 -5 -29 -6 -31 -8 -30 -7 -35 -8 -35 -2 -36 -4 -34 -1 -32 -6 -34 -5 -35 -3 -34 -2 -32 -1 -28 -2 -28 -2 -24 -2 -20 -1 -18 -1 -16 -4 -15 0 -18 -2 -13 0 -12 -1 -13 3 -9 0 0 0 0 0 0 0 0 0 0 0 0 0 0 0 0 0 0 0 0 0 0 8 -2 9 -2 12 2 13 1 15 0 16 0 14 -2 16 3 18 -1 25 0 24 0 32 4 22 3 24 1 20 3 15 -1 17 -1 18 -2 16 -2 11 -6 7 -7 9 -10 1 -12 9 -13 -1 -17 4 -18 ]

CSI_DATA,AP,14:85:7F:81:BF:55,-83,11,0,0,0,0,0,0,0,0,0,-96,0,6,0,12059839,0,222,0,0,12.2327,128,[-34 -32 13 0 -10 -13 -6 -10 -5 2 -6 -5 -14 4 -14 9 -11 16 -22 14 -16 16 -23 22 -15 12 -19 16 -23 10 -23 5 -23 3 -25 6 -15 -7 -20 0 -12 -5 -10 -10 -9 -3 -10 -4 -12 -7 -11 -12 -10 -11 0 0 0 0 0 0 0 0 0 0 0 0 0 0 0 0 0 0 0 0 0 0 -13 -2 -18 -8 -11 -11 -13 -9 -8 0 3 -11 2 -12 1 -13 3 -14 7 -17 10 -22 5 -18 4 -21 7 -27 1 -24 7 -25 -4 -36 -1 -28 -2 -27 -2 -31 -6 -17 -6 -32 -11 -30 -8 -26 -9 -26 -7 -24 ]

CSI_DATA,AP,14:85:7F:82:8E:F8,-73,11,0,0,0,0,0,0,0,0,0,-96,0,6,0,16065207,0,222,0,0,16.2381,128,[-34 -32 13 0 -4 23 -3 26 -3 27 -4 29 -4 32 -4 34 -7 33 -8 32 -7 31 -8 31 -7 31 -11 31 -10 29 -8 25 -8 24 -9 24 -4 19 -4 17 -6 15 -5 14 -6 14 -7 13 -5 11 -5 10 -3 9 0 0 0 0 0 0 0 0 0 0 0 0 0 0 0 0 0 0 0 0 0 0 -9 -2 -8 -1 -14 -2 -14 -4 -15 -4 -14 -5 -17 -7 -13 -6 -16 -2 -17 -10 -21 -11 -21 -15 -21 -13 -18 -11 -19 -12 -18 -10 -14 -7 -14 -5 -12 -3 -10 -2 -9 3 -9 6 -7 8 -6 9 -5 11 0 15 ]

CSI_DATA,AP,14:85:7F:82:8E:F8,-73,11,0,0,0,0,0,0,0,0,0,-96,0,6,0,20279862,0,222,0,0,20.4528,128,[-34 -32 13 0 5 24 3 27 2 29 5 29 2 34 1 34 3 32 1 35 2 34 1 32 3 31 0 34 0 30 2 28 0 29 -1 27 0 21 2 20 1 18 3 19 1 17 1 16 0 14 1 14 1 12 0 0 0 0 0 0 0 0 0 0 0 0 0 0 0 0 0 0 0 0 0 0 -12 6 -12 1 -15 0 -15 2 -17 3 -17 2 -18 0 -14 0 -17 0 -22 -2 -23 -6 -25 -4 -25 -4 -24 -6 -23 -5 -17 -1 -17 0 -12 -1 -14 3 -13 5 -10 3 -7 8 -5 9 -5 10 -3 14 1 16 ]

CSI_DATA,AP,14:85:7F:81:BF:55,-83,11,0,0,0,0,0,0,0,0,0,-96,0,6,0,21058802,0,222,0,0,21.2317,128,[-34 -32 13 0 0 3 -6 -4 11 -3 6 -5 16 -13 14 -8 17 -22 28 -11 19 -17 22 -13 24 -16 30 -10 26 -11 14 1 20 -5 18 7 18 7 10 7 2 14 13 10 2 16 4 7 1 14 -15 14 17 9 0 0 0 0 0 0 0 0 0 0 0 0 0 0 0 0 0 0 0 0 0 0 -9 11 -8 9 -10 4 -11 1 -14 -5 -11 0 -6 -3 -12 -2 -14 -9 -13 -10 -18 -8 -25 -7 -20 -5 -24 -2 -29 2 -34 -6 -32 -3 -24 8 -27 5 -20 9 -26 10 -18 17 -24 17 -22 20 -18 14 -13 19 ]

CSI_DATA,AP,14:85:7F:82:8E:F8,-73,11,0,0,0,0,0,0,0,0,0,-96,0,6,0,23057005,0,222,0,0,23.2299,128,[-34 -32 13 0 0 -26 1 -28 2 -30 2 -31 3 -35 4 -33 7 -36 4 -36 4 -31 9 -33 6 -30 7 -31 8 -30 6 -26 6 -26 6 -24 5 -20 2 -21 2 -18 5 -18 5 -19 6 -15 2 -17 2 -13 0 -14 0 0 0 0 0 0 0 0 0 0 0 0 0 0 0 0 0 0 0 0 0 0 9 -1 13 0 15 -2 19 -1 17 -1 17 2 17 1 14 2 19 3 23 3 26 7 25 7 25 10 24 8 21 4 19 6 18 3 15 0 15 1 11 -2 10 -5 10 -8 5 -10 5 -12 6 -15 3 -17 ]

CSI_DATA,AP,14:85:7F:81:BF:55,-83,11,0,0,0,0,0,0,0,0,0,-96,0,6,0,24286381,0,222,0,0,24.4593,128,[-34 -32 13 0 6 -4 11 -12 5 -16 3 -19 -5 -13 -1 -26 -3 -34 -7 -40 -3 -26 -8 -42 -2 -27 -1 -35 2 -31 8 -32 7 -26 15 -15 17 -12 10 -9 13 -4 10 -5 9 2 6 -2 6 3 10 1 9 4 0 0 0 0 0 0 0 0 0 0 0 0 0 0 0 0 0 0 0 0 0 0 18 -4 15 -4 15 0 12 2 4 2 11 9 8 11 9 16 7 17 1 16 3 16 7 19 11 24 14 25 15 27 13 36 21 28 16 23 17 25 19 20 20 20 28 14 25 15 17 18 24 6 22 5 ]

CSI_DATA,AP,14:85:7F:82:8E:F8,-74,11,0,0,0,0,0,0,0,0,0,-96,0,6,0,25080369,0,222,0,0,25.2533,128,[-34 -32 13 0 19 -22 20 -23 21 -23 23 -24 25 -24 26 -26 26 -25 27 -25 26 -23 28 -21 24 -21 24 -22 20 -22 23 -20 21 -20 19 -19 17 -15 15 -17 13 -14 11 -14 11 -11 10 -11 9 -8 10 -9 7 -8 0 0 0 0 0 0 0 0 0 0 0 0 0 0 0 0 0 0 0 0 0 0 7 3 9 3 9 6 10 6 9 11 7 10 10 11 5 12 9 15 8 14 8 17 8 20 9 18 7 18 7 15 3 14 5 10 4 10 7 7 5 2 9 2 10 0 6 -2 12 -7 13 -10 12 -11 ]

CSI_DATA,AP,14:85:7F:81:BF:55,-83,11,0,0,0,0,0,0,0,0,0,-96,0,6,0,27059366,0,222,0,0,27.2323,128,[-34 -32 13 0 2 -13 -2 -25 2 -24 -9 -26 -2 -30 -9 -36 -7 -36 -7 -40 -6 -39 -7 -34 -7 -30 -3 -29 -3 -27 4 -22 7 -16 1 -11 1 -4 5 -4 0 6 2 0 3 0 3 4 5 3 7 1 10 3 0 0 0 0 0 0 0 0 0 0 0 0 0 0 0 0 0 0 0 0 0 0 16 -10 14 -7 10 -4 11 -1 5 -1 5 4 12 2 3 4 1 3 9 2 4 8 7 6 2 10 13 9 7 13 16 8 15 12 10 8 13 10 22 15 13 8 13 9 12 10 21 4 12 1 15 0 ]

CSI_DATA,AP,14:85:7F:82:8E:F8,-74,11,0,0,0,0,0,0,0,0,0,-96,0,6,0,30057006,0,222,0,0,30.2299,128,[-34 -32 13 0 26 -17 19 -28 8 -5 18 -28 30 -22 31 -20 41 -33 31 -23 32 -20 31 -22 25 -18 25 -20 26 -22 25 -24 25 -14 20 -19 21 -13 20 -13 26 -24 13 -15 13 -15 12 -14 0 -5 10 -15 9 -10 0 0 0 0 0 0 0 0 0 0 0 0 0 0 0 0 0 0 0 0 0 0 8 10 5 10 -2 13 6 14 5 16 3 20 6 24 -2 17 0 22 2 22 -8 31 -3 23 -3 28 -3 22 13 22 -6 15 -5 23 -2 11 12 8 0 6 3 5 5 0 2 2 5 -1 12 -6 8 -8 ]
  
CSI_DATA,AP,14:85:7F:81:BF:55,-82,11,0,0,0,0,0,0,0,0,0,-96,0,6,0,36058256,0,222,0,0,36.2312,128,[-34 -32 13 0 -5 1 -2 0 -4 5 -7 5 -7 3 -7 4 -9 9 -11 4 -8 7 -10 9 -7 6 -7 6 -6 8 -9 2 -8 3 -6 1 -5 0 -3 -2 -2 0 -1 -1 -2 0 -1 0 -1 1 -2 0 -1 1 0 0 0 0 0 0 0 0 0 0 0 0 0 0 0 0 0 0 0 0 0 0 2 -3 5 -3 3 0 3 -2 2 0 2 0 0 1 2 2 3 2 2 2 3 3 3 3 3 2 7 1 5 2 4 1 6 1 5 0 6 -3 5 -4 4 -6 4 -5 4 -4 3 -7 3 -5 0 -7 ]

CSI_DATA,AP,14:85:7F:82:8E:F8,-73,11,0,0,0,0,0,0,0,0,0,-96,0,6,0,37057063,0,222,0,0,37.23,128,[-34 -32 13 0 27 -4 30 -4 31 -4 34 -7 34 -5 35 -9 34 -5 34 -3 36 -4 37 -2 34 -3 35 -5 35 -7 32 -4 34 -1 29 -2 26 0 24 -2 21 -1 19 0 17 1 15 3 18 0 16 -1 15 1 0 0 0 0 0 0 0 0 0 0 0 0 0 0 0 0 0 0 0 0 0 0 9 5 7 10 7 10 9 12 5 12 5 15 6 17 2 17 2 19 5 19 3 23 4 23 2 24 2 23 3 19 3 19 2 18 5 17 5 12 9 11 9 7 10 7 11 5 12 2 16 1 16 1 ]

CSI_DATA,AP,14:85:7F:82:8E:F8,-74,11,0,0,0,0,0,0,0,0,0,-96,0,6,0,39285283,0,222,0,0,39.4582,128,[-34 -32 13 0 -22 9 -23 12 -23 15 -26 15 -27 14 -28 17 -29 18 -31 17 -31 16 -30 19 -28 17 -29 17 -30 18 -29 19 -29 16 -24 16 -23 11 -20 12 -20 10 -20 10 -20 12 -16 9 -14 10 -12 9 -12 7 0 0 0 0 0 0 0 0 0 0 0 0 0 0 0 0 0 0 0 0 0 0 -11 -1 -11 -4 -12 -5 -11 -10 -10 -10 -9 -11 -8 -14 -7 -14 -6 -16 -12 -18 -9 -23 -8 -22 -8 -19 -7 -22 -5 -20 -5 -20 -5 -17 -6 -16 -6 -15 -5 
-10 -6 -7 -10 -8 -7 -5 -9 -1 -14 -1 -13 1 ]

CSI_DATA,AP,14:85:7F:82:8E:F8,-74,11,0,0,0,0,0,0,0,0,0,-96,0,6,0,41054894,0,222,0,0,41.2278,128,[-34 -32 13 0 -17 17 -17 17 -17 17 -19 13 -19 16 -19 14 -21 14 -22 15 -21 10 -21 14 -19 10 -21 8 -18 10 -22 9 -21 8 -16 5 -16 4 -14 3 -14 3 -14 2 -13 3 -14 2 -11 2 -11 3 -10 1 0 0 0 0 0 0 0 0 0 0 0 0 0 0 0 0 0 0 0 0 0 0 -2 -15 -3 -15 -3 -15 -3 -18 -2 -18 -2 -19 2 -20 0 -19 -1 -22 -3 -22 -2 -22 -2 -23 -4 -22 -4 -19 -7 -16 -6 -15 -7 -13 -5 -10 -9 -8 -11 -6 -10 -2 -9 1 -9 3 -11 6 -11 9 -11 11 ]

CSI_DATA,AP,14:85:7F:81:BF:55,-84,11,0,0,0,0,0,0,0,0,0,-96,0,6,0,43058320,0,222,0,0,43.2312,128,[-34 -32 13 0 -19 35 -18 25 -16 15 -12 5 -9 5 -10 5 0 -7 5 -5 7 -6 9 -5 17 1 12 -13 23 -11 26 -3 25 1 18 4 18 4 11 8 6 5 19 -2 10 0 8 2 8 0 6 1 13 -4 0 0 0 0 0 0 0 0 0 0 0 0 0 0 0 0 0 0 0 0 0 0 21 7 13 10 9 3 5 6 3 0 0 -5 1 -3 -13 -4 -11 -3 -11 -4 -8 5 -18 3 -18 -1 -25 8 -23 10 -27 12 -28 20 -27 15 -15 11 -27 17 -19 21 -23 36 -12 30 -18 43 -22 42 -20 42 ]

CSI_DATA,AP,14:85:7F:82:8E:F8,-73,11,0,0,0,0,0,0,0,0,0,-96,0,6,0,44057103,0,222,0,0,44.23,128,[-34 -32 13 0 23 -16 20 -16 25 -14 25 -14 26 -15 26 -15 27 -15 26 -13 26 -11 26 -13 21 -11 24 -11 23 -9 22 -9 21 -7 20 -6 17 -3 17 -5 15 -4 15 -1 12 0 12 0 11 -1 9 1 10 2 0 0 0 0 0 0 0 0 0 0 0 0 0 0 0 0 0 0 0 0 0 0 9 9 10 10 11 12 12 12 9 15 10 15 10 18 11 18 9 20 13 20 13 23 12 25 10 23 11 19 10 17 10 18 11 15 11 11 13 10 14 5 16 4 14 2 13 -1 16 -7 20 -8 16 -10 ] 
   
CSI_DATA,AP,72:89:32:5D:A2:F2,-86,11,0,0,0,0,0,0,0,0,0,-96,0,6,0,44157428,0,103,0,0,44.3301,128,[103 112 6 0 8 11 6 18 12 13 8 15 6 5 5 3 4 7 10 7 5 4 12 5 8 1 8 -2 7 -1 4 9 3 5 1 1 -7 0 -3 6 1 2 0 9 0 2 -7 -2 -4 -2 -5 -1 -3 1 0 0 0 0 0 0 0 0 0 0 0 0 0 0 0 0 0 0 0 0 0 0 -1 3 0 2 -7 1 -5 0 -2 2 -7 3 -4 6 -5 6 -7 6 -14 14 -16 11 -15 14 -15 8 -1 14 -5 23 -13 13 -13 18 -13 22 -13 10 -5 21 -15 4 -8 18 -14 10 0 4 -10 14 5 13 ]

CSI_DATA,AP,14:85:7F:81:BF:55,-80,11,0,0,0,0,0,0,0,0,0,-96,0,6,0,45057496,0,222,0,0,45.2304,128,[-34 -32 13 0 28 2 21 11 17 2 16 5 6 -2 9 -2 2 -6 11 -8 6 -11 6 -13 4 -15 7 -17 12 -23 15 -18 17 -19 17 -13 23 -8 15 -6 16 -4 13 -2 7 -5 9 -7 6 -4 10 1 16 -3 0 0 0 0 0 0 0 0 0 0 0 0 0 0 0 0 0 0 0 0 0 0 -11 -11 -6 -7 -9 -5 -3 -5 0 -1 -3 1 10 1 7 1 6 7 13 2 12 3 9 4 15 1 16 6 21 3 27 -6 15 -6 13 7 22 -1 30 1 30 -2 33 -3 33 1 39 -1 41 0 38 4 ]

CSI_DATA,AP,14:85:7F:81:BF:55,-83,11,0,0,0,0,0,0,0,0,0,-96,0,6,0,48059513,0,222,0,0,48.2324,128,[-34 -32 13 0 14 -33 25 -21 15 -21 18 -15 15 -13 9 -13 2 -6 -1 5 -6 -2 -5 0 -11 -3 -14 2 -15 1 -10 -11 -14 -10 -12 -17 -2 -15 -7 -13 -2 -18 0 -18 -1 -10 3 -10 -4 -10 -2 -6 -1 -12 0 0 0 0 0 0 0 0 0 0 0 0 0 0 0 0 0 0 0 0 0 0 -13 7 -4 1 -4 0 7 3 9 0 6 -1 10 2 8 0 13 0 13 -10 12 -8 13 -15 18 -24 20 -23 18 -24 12 -30 16 -26 14 -36 20 -32 10 -45 4 -38 3 -42 16 -39 15 -52 18 -40 20 -47 ]

CSI_DATA,AP,14:85:7F:82:8E:F8,-74,11,0,0,0,0,0,0,0,0,0,-96,0,6,0,49058455,0,222,0,0,49.2314,128,[-34 -32 13 0 -1 31 -1 30 3 31 2 30 3 32 3 34 0 33 0 31 1 30 -4 29 0 30 -1 27 -4 28 0 26 -2 23 -2 27 -4 17 -4 21 -1 16 -4 15 -3 17 -1 14 -3 11 -4 11 -4 8 0 0 0 0 0 0 0 0 0 0 0 0 0 0 0 0 0 0 0 0 0 0 -16 8 -14 7 -18 6 -22 7 -22 2 -20 2 -21 5 -20 2 -23 5 -30 3 -28 4 -31 2 -28 5 -28 3 -25 2 -22 4 -23 3 -19 6 -19 8 -15 9 -14 10 -12 11 -5 13 -9 17 -5 18 -2 22 ]

CSI_DATA,AP,94:E2:3C:E0:FD:08,-76,11,0,0,0,0,0,0,0,0,0,-96,0,6,0,51620658,0,135,0,0,51.7935,128,[-121 112 8 0 -24 -18 -24 -19 -24 -15 -23 -18 -16 -24 -21 -26 -13 -13 -20 -12 -17 -14 -19 -9 -10 -13 -7 -9 -3 -9 -6 -14 -6 -11 0 -11 0 -6 -3 -3 -3 -6 1 -4 -1 -3 2 -2 -4 -2 1 -4 3 -5 0 0 0 0 0 0 0 0 0 0 0 0 0 0 0 0 0 0 0 0 0 0 -6 -11 -3 -13 -3 -15 -6 -16 -5 -14 -5 -11 -6 -16 -6 -18 -7 -16 -6 -23 -11 -21 -11 -29 -10 -26 -12 -25 -9 -26 -13 -29 -18 -36 -11 -25 -12 -33 -15 -20 -14 -18 -18 -19 -17 -22 -16 -24 -21 -24 -16 -20 ]

CSI_DATA,AP,14:85:7F:82:8E:F8,-72,11,0,0,0,0,0,0,0,0,0,-96,0,6,0,52282193,0,222,0,0,52.4551,128,[-34 -32 13 0 -20 12 -24 14 -24 13 -21 13 -27 14 -28 14 -28 12 -28 11 -28 7 -27 9 -29 8 -27 8 -24 5 -25 7 -24 5 -22 7 -16 8 -17 1 -18 1 -19 -4 -16 -1 -10 5 -13 -6 -6 1 -8 3 0 0 0 0 0 0 0 0 0 0 0 0 0 0 0 0 0 0 0 0 0 0 -12 -9 -12 -11 -13 -12 -16 -14 -14 -14 -14 -17 -14 -17 -13 -16 -15 -21 -16 -19 -17 -22 -18 -26 -17 -24 -16 -23 -16 -19 -14 -21 -16 -16 -12 -13 -16 -11 -14 -9 -14 -4 -13 -3 -13 -1 -15 2 -17 4 -15 6 ]

CSI_DATA,AP,14:85:7F:82:8E:F8,-78,11,0,0,0,0,0,0,0,0,0,-96,0,6,0,58057252,0,222,0,0,58.2302,128,[-34 -32 13 0 -1 -31 -3 -29 9 -25 4 -32 7 -27 12 -16 17 -13 16 -23 14 -15 24 -16 19 -13 16 -20 19 -11 24 -10 18 -12 21 -14 17 -10 19 -13 18 -9 16 -9 17 -10 10 -10 23 -4 8 -13 13 -4 0 0 0 0 0 0 0 0 0 0 0 0 0 0 0 0 0 0 0 0 0 0 15 19 20 17 18 20 21 22 22 15 17 21 13 18 14 15 17 15 18 18 18 16 18 18 17 16 14 9 20 8 9 3 8 -3 5 -1 6 -7 7 -4 1 -15 -2 -17 -4 -26 -3 -22 -1 -18 -9 -25 ]

CSI_DATA,AP,14:85:7F:81:BF:55,-77,11,0,0,0,0,0,0,0,0,0,-96,0,6,0,58283113,0,222,0,0,58.456,128,[-34 -32 13 0 -24 9 -23 13 -20 17 -20 17 -20 20 -21 23 -20 23 -21 27 -23 22 -18 23 -22 22 -22 20 -19 19 -18 14 -14 11 -14 8 -6 7 -6 7 -3 4 -3 5 -3 8 -5 7 -7 8 -6 3 -9 3 0 0 0 0 0 0 0 0 0 0 0 0 0 0 0 0 0 0 0 0 0 0 -13 16 -14 14 -16 10 -17 9 -15 7 -18 7 -15 5 -17 2 -19 3 -21 5 -21 3 -28 3 -31 3 -30 4 -28 -1 -29 1 -31 1 -26 -1 -30 2 -29 -2 -31 1 -29 3 -28 1 -31 4 -29 7 -28 5 ]

