CSI_DATA,AP,46:C6:EE:AC:4F:DC,-34,11,1,4,0,0,1,1,0,0,0,-96,1,6,0,6515733,0,126,0,0,6.69101,256,[126 96 7 0 8 -21 7 -21 7 -21 5 -21 5 -21 3 -21 3 -20 1 -21 0 -21 0 -21 -1 -21 -2 -20 -2 -20 -2 -22 -2 -21 -2 -21 -1 -21 -1 -22 -1 -22 0 -21 0 -20 0 -21 1 -20 2 -20 3 -19 0 0 0 0 0 0 0 0 0 0 0 0 0 0 0 0 0 0 0 0 0 0 10 -24 12 -23 14 -22 15 -22 16 -21 17 -21 18 -21 19 -20 19 -19 20 -19 20 -18 20 -17 20 -16 20 -16 20 -16 19 -17 18 -16 17 -17 16 -17 16 -17 16 -18 14 -19 14 -19 12 -20 12 -20 10 -20 ]

CSI_DATA,AP,46:C6:EE:AC:4F:DC,-33,11,1,4,0,0,1,1,0,0,0,-96,1,6,0,6516776,0,126,0,0,6.69955,256,[126 96 7 0 5 17 6 17 7 16 8 16 8 15 9 14 10 14 10 13 11 13 11 12 11 12 11 12 12 12 12 11 12 12 12 11 11 12 12 12 11 12 11 12 10 12 10 13 10 13 9 13 8 14 0 0 0 0 0 0 0 0 0 0 0 0 0 0 0 0 0 0 0 0 0 0 6 20 5 21 3 21 2 21 1 22 0 22 -1 23 -1 23 -2 22 -3 22 -4 22 -4 22 -4 21 -4 20 -4 20 -4 21 -3 20 -2 20 -2 19 -1 19 0 19 1 19 1 19 2 19 3 19 4 18 ]

CSI_DATA,AP,46:C6:EE:AC:4F:DC,-34,11,1,4,0,0,1,1,0,0,0,-96,1,6,0,6517041,0,130,0,0,6.70658,256,[-126 -96 7 0 -4 21 -3 20 -2 21 -1 20 -1 20 1 19 2 19 2 19 4 20 4 19 5 19 5 18 5 18 6 19 6 19 6 19 5 19 5 19 5 19 4 19 4 18 4 19 3 18 2 19 1 18 0 0 0 0 0 0 0 0 0 0 0 0 0 0 0 0 0 0 0 0 0 0 -6 24 -8 24 -10 24 -11 23 -12 23 -13 22 -15 23 -15 22 -16 21 -17 21 -17 21 -17 20 -17 19 -17 19 -17 18 -16 19 -15 18 -14 19 -13 18 -12 19 -12 20 -11 20 -10 21 -8 21 -8 21 -7 21 ]

CSI_DATA,AP,46:C6:EE:AC:4F:DC,-34,11,1,4,0,0,1,1,0,0,0,-96,1,6,0,6636104,0,114,0,0,6.81052,256,[114 -96 6 0 11 -16 11 -16 10 -17 9 -17 8 -16 7 -17 7 -17 6 -18 5 -18 5 -18 4 -18 3 -18 4 -18 4 -18 4 -19 4 -18 4 -18 5 -19 5 -18 5 -18 5 -17 6 -17 6 -17 7 -16 8 -15 0 0 0 0 0 0 0 0 0 0 0 0 0 0 0 0 0 0 0 0 0 0 12 -19 14 -18 15 -17 17 -17 17 -15 18 -15 19 -14 20 -14 20 -13 20 -12 21 -12 21 -11 20 -10 20 -10 20 -10 19 -11 19 -11 18 -11 18 -11 17 -11 17 -12 16 -13 15 -13 15 -14 14 -15 14 -15 ]

CSI_DATA,AP,46:C6:EE:AC:4F:DC,-36,11,1,4,0,0,1,1,0,0,0,-96,1,6,0,6700807,0,129,0,0,6.87519,256,[-127 -112 7 0 19 3 19 2 19 1 18 0 19 0 18 -1 18 -2 18 -3 18 -4 17 -4 18 -5 17 -5 17 -5 18 -6 18 -6 18 -5 17 -6 18 -5 18 -5 18 -4 17 -3 18 -3 17 -2 18 -2 17 0 0 0 0 0 0 0 0 0 0 0 0 0 0 0 0 0 0 0 0 0 0 0 22 3 22 5 22 6 21 7 21 8 21 9 21 11 21 12 20 13 20 13 19 13 19 14 18 13 18 13 18 13 18 13 17 12 17 11 17 10 18 10 18 10 19 8 19 8 20 7 20 6 20 5 ]

CSI_DATA,AP,46:C6:EE:AC:4F:DC,-35,11,1,5,0,0,1,1,0,0,0,-96,1,6,0,6712813,0,129,0,0,6.88706,256,[-127 -112 7 0 -18 12 -17 13 -16 13 -15 14 -15 14 -13 14 -13 15 -12 16 -12 16 -11 17 -10 17 -10 17 -10 17 -9 18 -9 18 -10 18 -10 18 -10 17 -11 17 -11 17 -11 16 -11 16 -11 15 -12 15 -13 14 0 0 0 0 0 0 0 0 0 0 0 0 0 0 0 0 0 0 0 0 0 0 -21 14 -22 12 -23 10 -24 10 -24 8 -25 7 -26 7 -26 5 -26 5 -27 4 -26 3 -26 3 -26 2 -25 3 -25 3 -24 3 -24 3 -23 4 -22 5 -22 5 -23 6 -22 7 -21 8 -21 8 -20 9 -19 10 ]

CSI_DATA,AP,46:C6:EE:AC:4F:DC,-35,11,1,5,0,0,1,1,0,0,0,-96,1,6,0,6725860,0,114,0,0,6.90014,256,[114 -96 6 0 3 21 4 20 5 20 5 19 7 18 7 18 8 17 9 17 10 17 10 16 11 16 11 15 12 16 11 16 12 16 12 16 11 16 11 16 10 16 10 16 9 16 9 17 8 17 8 17 6 17 0 0 0 0 0 0 0 0 0 0 0 0 0 0 0 0 0 0 0 0 0 0 3 24 1 24 -1 24 -2 24 -3 24 -4 25 -5 25 -6 25 -7 25 -8 24 -9 25 -8 23 -9 23 -9 23 -9 22 -8 23 -7 22 -7 22 -6 21 -5 21 -5 22 -3 22 -2 22 -1 22 0 22 1 21 ]

CSI_DATA,AP,46:C6:EE:AC:4F:DC,-35,11,1,5,0,0,1,1,0,0,0,-96,1,6,0,6740351,0,129,0,0,6.91463,256,[-127 -112 7 0 -20 -2 -20 -1 -20 -1 -19 0 -19 1 -18 2 -18 2 -18 4 -18 4 -18 5 -18 5 -17 6 -17 6 -18 6 -18 6 -18 6 -17 6 -18 6 -18 5 -18 5 -17 4 -17 3 -18 3 -18 3 -18 1 0 0 0 0 0 0 0 0 0 0 0 0 0 0 0 0 0 0 0 0 0 0 -22 -3 -22 -4 -22 -6 -22 -8 -22 -8 -21 -9 -22 -11 -21 -12 -21 -12 -21 -12 -20 -13 -20 -13 -19 -13 -18 -12 -19 -13 -19 -12 -18 -12 -18 -11 -18 -10 -19 -9 -19 -9 -19 -8 -19 -7 -20 -6 -20 -5 -20 -4 ]

CSI_DATA,AP,46:C6:EE:AC:4F:DC,-35,11,1,5,0,0,1,1,0,0,0,-96,1,6,0,6741192,0,114,0,0,6.92271,256,[114 -96 6 0 -17 14 -16 14 -15 15 -15 15 -13 15 -12 15 -11 16 -11 16 -10 17 -10 18 -9 18 -9 17 -9 18 -9 18 -9 18 -9 18 -9 18 -10 19 -10 17 -10 17 -10 16 -11 16 -11 15 -12 15 -13 14 0 0 0 0 0 0 0 0 0 0 0 0 0 0 0 0 0 0 0 0 0 0 -18 16 -20 15 -21 13 -22 12 -22 11 -23 11 -24 10 -25 9 -25 8 -25 7 -25 7 -25 6 -25 6 -24 5 -24 5 -24 6 -23 6 -22 6 -22 6 -21 7 -21 9 -21 9 -20 10 -20 10 -19 12 -19 12 ]

CSI_DATA,AP,46:C6:EE:AC:4F:DC,-35,11,1,5,0,0,1,1,0,0,0,-96,1,6,0,6742625,0,116,0,0,6.93026,256,[116 -64 6 0 16 -9 16 -10 15 -10 15 -11 14 -11 13 -12 13 -13 12 -13 12 -14 12 -15 11 -14 10 -15 11 -15 10 -15 11 -16 11 -15 11 -15 12 -15 12 -14 12 -14 11 -13 12 -13 12 -13 13 -12 14 -11 0 0 0 0 0 0 0 0 0 0 0 0 0 0 0 0 0 0 0 0 0 0 19 -11 20 -9 21 -8 22 -7 21 -6 22 -4 22 -4 23 -3 23 -2 23 -1 23 -1 22 -1 22 0 22 0 22 0 21 -1 20 -1 19 -2 20 -2 20 -2 20 -3 19 -4 19 -5 19 -6 18 -7 18 -7 ]

CSI_DATA,AP,46:C6:EE:AC:4F:DC,-35,11,1,6,0,0,1,1,0,0,0,-96,1,6,0,6767304,0,129,0,0,6.94182,256,[-127 -112 7 0 8 -19 8 -20 7 -20 6 -20 5 -20 4 -20 3 -20 2 -21 2 -20 1 -21 0 -21 -1 -21 -1 -21 0 -21 0 -21 0 -20 0 -21 0 -21 1 -21 1 -20 1 -20 1 -20 2 -20 4 -20 5 -19 0 0 0 0 0 0 0 0 0 0 0 0 0 0 0 0 0 0 0 0 0 0 10 -22 12 -22 14 -21 15 -20 16 -19 17 -19 18 -19 19 -19 19 -18 20 -17 20 -16 20 -15 20 -15 20 -14 20 -15 19 -15 18 -15 17 -15 17 -16 16 -16 15 -17 14 -17 14 -18 13 -18 12 -18 12 -19 ]

CSI_DATA,AP,46:C6:EE:AC:4F:DC,-35,11,1,6,0,0,1,1,0,0,0,-96,1,6,0,6768432,0,116,0,0,6.94999,256,[116 -64 6 0 -17 -11 -17 -10 -17 -10 -18 -8 -18 -8 -18 -6 -18 -6 -18 -5 -18 -4 -18 -4 -19 -3 -18 -3 -19 -3 -19 -2 -19 -3 -19 -2 -19 -2 -19 -3 -18 -4 -19 -4 -18 -4 -18 -5 -17 -5 -17 -6 -17 -7 0 0 0 0 0 0 0 0 0 0 0 0 0 0 0 0 0 0 0 0 0 0 -19 -12 -18 -15 -17 -15 -17 -16 -15 -17 -15 -18 -15 -19 -14 -20 -13 -20 -13 -20 -12 -21 -12 -20 -11 -20 -11 -19 -11 -20 -12 -19 -12 -19 -11 -18 -12 -17 -13 -16 -14 -16 -14 -15 -15 -15 -15 -14 -16 -13 -16 -13 ]

CSI_DATA,AP,46:C6:EE:AC:4F:DC,-35,11,1,6,0,0,1,1,0,0,0,-96,1,6,0,6779318,0,114,0,0,6.95923,256,[114 -96 6 0 13 16 13 15 14 15 14 14 15 13 15 12 16 11 16 10 16 10 17 9 17 9 17 9 17 8 18 8 18 8 18 9 17 9 18 9 17 9 17 9 16 10 16 10 15 11 15 11 14 12 0 0 0 0 0 0 0 0 0 0 0 0 0 0 0 0 0 0 0 0 0 0 15 19 14 20 12 21 11 22 10 22 9 23 8 24 8 24 7 25 6 24 5 25 4 25 3 24 4 24 4 24 5 23 4 23 5 22 6 20 7 20 8 21 9 20 8 20 10 19 11 19 12 18 ]

CSI_DATA,AP,46:C6:EE:AC:4F:DC,-34,11,1,6,0,0,1,1,0,0,0,-96,1,6,0,6796740,0,114,0,0,6.97104,256,[114 -96 6 0 18 7 19 7 19 6 19 5 19 4 19 3 19 2 18 2 19 0 19 0 19 0 19 -1 19 -1 19 -1 19 -1 19 -1 20 -1 20 0 19 0 19 0 19 1 18 1 18 2 18 2 18 4 0 0 0 0 0 0 0 0 0 0 0 0 0 0 0 0 0 0 0 0 0 0 21 9 22 11 20 12 20 13 19 14 19 15 18 17 18 18 17 18 16 18 16 18 16 19 15 18 15 18 14 18 14 18 14 17 15 15 15 15 15 14 16 14 17 13 17 13 18 12 18 11 18 10 ]

CSI_DATA,AP,46:C6:EE:AC:4F:DC,-35,11,1,6,0,0,1,1,0,0,0,-96,1,6,0,6813567,0,119,0,0,6.98786,256,[119 -16 6 0 -10 17 -8 17 -8 18 -7 17 -6 17 -5 17 -4 17 -4 18 -3 18 -2 18 -2 18 -1 18 -1 18 0 18 -1 18 -1 18 -1 19 -2 19 -2 19 -2 18 -3 17 -3 17 -3 17 -5 17 -6 16 0 0 0 0 0 0 0 0 0 0 0 0 0 0 0 0 0 0 0 0 0 0 -10 20 -12 19 -13 18 -15 18 -15 17 -16 17 -17 17 -18 16 -18 15 -19 14 -19 14 -19 14 -19 13 -19 12 -19 13 -18 13 -17 13 -16 13 -16 13 -15 14 -15 15 -14 14 -14 15 -13 15 -13 16 -12 17 ]

CSI_DATA,AP,46:C6:EE:AC:4F:DC,-35,11,1,7,0,0,1,1,0,0,1,-96,1,6,0,6814836,0,121,0,0,6.99606,256,[121 16 7 0 16 11 16 11 16 10 16 9 17 8 16 7 16 6 17 6 17 5 17 4 18 4 17 3 18 3 18 3 18 3 18 4 18 3 18 4 18 4 17 4 17 5 17 5 16 6 16 7 15 8 0 0 0 0 0 0 0 0 0 0 0 0 0 0 0 0 0 0 0 0 0 0 18 13 17 15 15 15 15 17 14 17 13 18 13 19 12 20 12 20 11 20 10 21 9 21 9 20 9 20 9 20 9 19 9 19 10 18 10 17 11 17 11 17 13 16 12 16 13 15 14 14 14 13 ]

CSI_DATA,AP,46:C6:EE:AC:4F:DC,-35,11,1,7,0,0,1,1,0,0,1,-96,1,6,0,6832220,0,119,0,0,7.00649,256,[119 -16 6 0 1 22 2 21 3 21 4 20 5 20 6 19 7 18 7 19 8 19 9 18 9 18 9 17 10 17 10 18 10 18 10 18 9 18 9 18 9 18 8 18 8 18 7 19 6 18 5 19 3 19 0 0 0 0 0 0 0 0 0 0 0 0 0 0 0 0 0 0 0 0 0 0 2 24 0 25 -2 24 -4 25 -5 25 -5 25 -7 26 -8 25 -8 25 -9 24 -10 24 -10 24 -10 23 -11 22 -10 22 -10 23 -9 22 -8 22 -7 21 -6 21 -6 22 -5 22 -4 22 -3 22 -2 23 -1 23 ]

CSI_DATA,AP,46:C6:EE:AC:4F:DC,-35,11,1,7,0,0,1,1,0,0,1,-96,1,6,0,6832472,0,121,0,0,7.01388,256,[121 16 7 0 -16 11 -16 12 -15 13 -14 13 -14 13 -12 13 -12 14 -11 15 -10 15 -10 15 -10 16 -9 15 -9 16 -9 17 -9 17 -9 16 -9 16 -10 16 -10 16 -10 16 -10 15 -10 14 -11 14 -12 14 -13 13 0 0 0 0 0 0 0 0 0 0 0 0 0 0 0 0 0 0 0 0 0 0 -19 12 -20 11 -21 10 -22 8 -22 8 -23 7 -24 7 -24 5 -24 5 -24 3 -24 3 -24 3 -23 2 -23 2 -23 2 -22 3 -22 4 -21 4 -21 4 -21 5 -21 6 -20 7 -20 8 -19 8 -19 9 -18 10 ]

CSI_DATA,AP,46:C6:EE:AC:4F:DC,-35,11,1,7,0,0,1,1,0,0,1,-96,1,6,0,6853807,0,115,0,0,7.02808,256,[115 -80 6 0 -9 -20 -10 -20 -10 -19 -11 -18 -12 -18 -12 -17 -13 -16 -14 -16 -14 -15 -15 -15 -16 -14 -15 -14 -16 -13 -16 -14 -16 -14 -16 -14 -15 -14 -16 -15 -15 -15 -14 -14 -14 -15 -14 -15 -13 -15 -12 -16 -11 -16 0 0 0 0 0 0 0 0 0 0 0 0 0 0 0 0 0 0 0 0 0 0 -10 -23 -8 -24 -6 -24 -5 -25 -3 -25 -3 -26 -2 -27 -1 -27 0 -26 1 -26 2 -26 2 -26 2 -25 2 -25 1 -25 2 -25 1 -24 0 -23 -1 -23 -2 -22 -2 -23 -3 -23 -4 -22 -5 -22 -6 -22 -7 -21 ]

CSI_DATA,AP,46:C6:EE:AC:4F:DC,-34,11,1,7,0,0,1,1,0,0,1,-96,1,6,0,6865244,0,115,0,0,7.03948,256,[115 -80 6 0 -1 20 0 20 1 20 2 19 3 19 4 18 4 18 5 18 6 18 7 18 7 18 7 17 8 18 8 17 8 18 8 17 8 18 7 18 7 18 6 18 6 17 5 18 5 17 4 18 2 18 0 0 0 0 0 0 0 0 0 0 0 0 0 0 0 0 0 0 0 0 0 0 -1 23 -3 23 -5 22 -6 23 -7 23 -8 23 -9 23 -11 23 -10 22 -12 22 -12 22 -12 21 -12 20 -12 20 -12 20 -11 20 -10 20 -10 19 -9 20 -8 20 -8 20 -7 20 -6 20 -5 20 -4 21 -3 20 ]

CSI_DATA,AP,46:C6:EE:AC:4F:DC,-35,11,1,7,0,0,1,1,0,0,1,-96,1,6,0,6882776,0,122,0,0,7.05711,256,[122 32 7 0 -16 13 -15 13 -14 14 -14 14 -12 15 -11 15 -11 15 -10 16 -9 16 -10 17 -9 16 -9 16 -8 17 -7 18 -8 17 -8 17 -8 17 -8 17 -9 17 -8 17 -9 15 -10 15 -10 15 -11 15 -12 14 0 0 0 0 0 0 0 0 0 0 0 0 0 0 0 0 0 0 0 0 0 0 -18 13 -19 12 -20 11 -21 10 -21 9 -22 8 -23 8 -23 7 -23 7 -24 5 -24 5 -23 4 -23 3 -23 4 -23 4 -22 5 -22 5 -21 5 -20 6 -20 7 -20 8 -19 9 -19 9 -19 9 -18 10 -17 11 ]

CSI_DATA,AP,46:C6:EE:AC:4F:DC,-35,11,1,7,0,0,1,1,0,0,1,-96,1,6,0,6894071,0,122,0,0,7.06834,256,[122 32 7 0 21 -4 21 -5 21 -5 20 -6 20 -7 19 -8 19 -8 18 -9 18 -10 17 -11 17 -12 17 -11 16 -11 17 -12 17 -12 17 -12 17 -12 18 -12 18 -11 17 -10 17 -10 18 -9 18 -8 18 -8 19 -6 0 0 0 0 0 0 0 0 0 0 0 0 0 0 0 0 0 0 0 0 0 0 24 -4 24 -2 25 0 24 1 25 2 25 3 25 4 26 5 25 6 25 7 24 8 24 8 23 8 23 8 23 8 22 7 22 7 22 6 21 5 22 4 22 3 23 2 23 2 23 1 22 0 22 -2 ]

CSI_DATA,AP,46:C6:EE:AC:4F:DC,-36,11,1,7,0,0,1,1,0,0,1,-96,1,6,0,7298343,0,130,0,0,7.47281,256,[-126 -96 7 0 8 -18 7 -17 7 -18 6 -18 5 -18 3 -18 3 -18 1 -18 1 -19 1 -19 0 -19 -1 -18 -1 -18 -1 -19 -1 -19 -2 -19 0 -19 -1 -19 0 -19 0 -19 0 -18 1 -19 1 -18 2 -18 4 -18 0 0 0 0 0 0 0 0 0 0 0 0 0 0 0 0 0 0 0 0 0 0 11 -21 13 -20 14 -19 16 -18 16 -18 17 -17 18 -17 19 -16 19 -16 20 -15 20 -14 20 -14 20 -12 19 -12 19 -13 19 -13 17 -13 17 -14 16 -13 15 -14 15 -15 14 -16 14 -16 12 -16 12 -16 11 -17 ]

CSI_DATA,AP,46:C6:EE:AC:4F:DC,-36,11,1,7,0,0,1,1,0,0,1,-96,1,6,0,7298470,0,110,0,0,7.48102,256,[110 96 6 0 16 -10 15 -10 16 -11 14 -12 14 -12 12 -13 12 -13 12 -14 12 -15 11 -15 10 -16 10 -15 10 -15 10 -16 9 -16 10 -16 10 -15 10 -16 11 -16 11 -14 10 -14 11 -14 11 -13 12 -13 13 -11 0 0 0 0 0 0 0 0 0 0 0 0 0 0 0 0 0 0 0 0 0 0 20 -13 20 -11 22 -10 22 -8 23 -7 23 -6 24 -6 24 -5 24 -4 24 -3 24 -2 24 -2 23 -2 23 -1 23 -1 22 -2 21 -2 21 -3 20 -3 20 -4 20 -5 20 -6 20 -6 19 -6 18 -7 18 -9 ]

CSI_DATA,AP,46:C6:EE:AC:4F:DC,-34,11,1,7,0,0,1,1,0,0,1,-96,1,6,0,7457645,0,130,0,0,7.6319,256,[-126 -96 7 0 -20 2 -20 2 -19 3 -19 4 -18 4 -17 5 -17 6 -17 7 -16 8 -16 9 -16 9 -15 9 -15 9 -15 10 -15 10 -15 10 -15 10 -16 10 -16 9 -16 9 -15 8 -16 8 -16 7 -16 7 -17 6 0 0 0 0 0 0 0 0 0 0 0 0 0 0 0 0 0 0 0 0 0 0 -24 3 -25 1 -25 -1 -25 -3 -25 -3 -26 -5 -26 -6 -26 -7 -25 -7 -25 -9 -25 -9 -24 -9 -23 -10 -23 -10 -23 -9 -23 -9 -22 -8 -22 -8 -22 -7 -22 -6 -22 -5 -22 -4 -22 -4 -22 -3 -22 -2 -21 -1 ]

CSI_DATA,AP,46:C6:EE:AC:4F:DC,-34,11,1,7,0,0,1,1,0,0,1,-96,2,6,0,7642043,0,219,0,0,7.81637,256,[-37 48 13 0 -22 -3 -22 -2 -21 -2 -21 0 -20 1 -20 2 -20 3 -19 4 -19 4 -19 5 -19 5 -19 6 -19 6 -19 7 -19 7 -19 7 -19 6 -20 7 -19 6 -19 6 -19 5 -19 5 -19 4 -20 3 -19 2 0 0 0 0 0 0 0 0 0 0 0 0 0 0 0 0 0 0 0 0 0 0 -25 -3 -24 -5 -25 -6 -25 -8 -24 -9 -24 -10 -25 -11 -25 -12 -23 -13 -23 -14 -23 -15 -22 -15 -22 -15 -21 -15 -21 -15 -22 -14 -21 -13 -21 -12 -21 -12 -22 -11 -22 -10 -22 -9 -22 -9 -22 -8 -22 -7 -22 -6 ]

CSI_DATA,AP,46:C6:EE:AC:4F:DC,-34,11,1,7,0,0,1,1,0,0,1,-96,1,6,0,7642203,0,219,0,0,7.82451,256,[-37 48 13 0 -12 17 -10 17 -9 17 -9 17 -8 18 -6 17 -5 17 -4 18 -4 18 -3 18 -3 18 -2 18 -1 19 -2 18 -2 19 -1 18 -1 19 -2 19 -2 18 -2 18 -3 17 -3 18 -4 17 -5 18 -6 17 0 0 0 0 0 0 0 0 0 0 0 0 0 0 0 0 0 0 0 0 0 0 -12 19 -14 19 -15 18 -17 18 -17 16 -18 16 -19 16 -20 16 -20 15 -21 14 -21 14 -21 13 -21 13 -21 12 -21 12 -21 12 -20 12 -19 13 -18 13 -18 13 -17 14 -17 14 -16 15 -16 15 -15 16 -13 16 ]

CSI_DATA,AP,46:C6:EE:AC:4F:DC,-34,11,1,7,0,0,1,1,0,0,1,-96,1,6,0,7642338,0,114,0,0,7.83203,256,[114 -96 6 0 -13 16 -12 16 -11 17 -10 17 -9 17 -8 17 -7 17 -5 17 -5 18 -4 18 -4 18 -3 17 -3 18 -3 19 -3 19 -3 18 -3 18 -3 19 -3 18 -4 18 -4 17 -5 18 -5 17 -6 17 -7 16 0 0 0 0 0 0 0 0 0 0 0 0 0 0 0 0 0 0 0 0 0 0 -14 18 -16 18 -17 16 -19 16 -19 15 -20 15 -21 14 -22 14 -22 13 -22 12 -23 12 -23 11 -23 10 -22 10 -22 10 -21 11 -21 11 -20 11 -20 11 -19 11 -19 12 -18 13 -18 13 -17 14 -16 14 -15 15 ]

CSI_DATA,AP,46:C6:EE:AC:4F:DC,-35,11,1,7,0,0,1,1,0,0,1,-96,1,6,0,7784727,0,124,0,0,7.95903,256,[124 64 7 0 4 21 5 21 6 20 7 19 7 19 8 17 9 17 10 17 10 15 10 16 12 15 12 15 12 15 12 14 13 15 13 14 13 15 12 15 12 15 11 14 11 14 11 15 10 15 10 16 8 16 0 0 0 0 0 0 0 0 0 0 0 0 0 0 0 0 0 0 0 0 0 0 5 23 4 24 2 24 0 25 -1 24 -1 25 -2 26 -4 26 -4 26 -5 25 -6 26 -7 26 -7 25 -7 24 -7 25 -7 24 -6 25 -5 23 -4 23 -4 23 -3 24 -2 23 -1 23 0 23 1 23 2 22 ]

CSI_DATA,AP,46:C6:EE:AC:4F:DC,-35,11,1,7,0,0,1,0,0,0,1,-96,0,6,0,7789175,0,94,0,0,7.96657,256,[94 96 5 0 3 -20 2 -20 2 -20 1 -19 0 -19 -1 -18 -2 -18 -2 -19 -4 -18 -4 -18 -5 -18 -5 -17 -5 -17 -5 -18 -5 -18 -6 -17 -5 -17 -5 -18 -4 -18 -4 -18 -4 -17 -4 -17 -3 -17 -2 -18 0 -18 0 0 0 0 0 0 0 0 0 0 0 0 0 0 0 0 0 0 0 0 0 0 0 -22 2 -23 4 -22 5 -23 6 -22 7 -22 9 -23 10 -23 10 -22 11 -22 11 -22 12 -21 12 -21 12 -20 13 -20 12 -20 12 -20 11 -20 10 -19 10 -19 9 -20 8 -21 8 -20 7 -20 6 -21 5 -21 ]

CSI_DATA,AP,46:C6:EE:AC:4F:DC,-35,11,1,7,0,0,1,1,0,0,1,-96,1,6,0,7835691,0,129,0,0,8.01001,256,[-127 -112 7 0 21 -3 21 -4 20 -5 20 -5 20 -6 19 -7 18 -7 17 -8 17 -9 17 -10 17 -10 16 -11 16 -11 16 -11 16 -11 16 -11 16 -10 17 -11 17 -11 17 -10 16 -9 16 -9 16 -8 17 -8 17 -6 0 0 0 0 0 0 0 0 0 0 0 0 0 0 0 0 0 0 0 0 0 0 23 -5 24 -4 24 -2 24 0 24 1 25 2 25 3 26 4 25 5 25 6 25 6 24 7 24 7 24 7 24 7 23 7 23 6 22 6 22 5 22 5 23 4 23 3 22 2 23 1 22 0 22 0 ]

CSI_DATA,AP,46:C6:EE:AC:4F:DC,-35,11,1,7,0,0,1,1,0,0,1,-96,1,6,0,7837852,0,114,0,0,8.01758,256,[114 -96 6 0 0 19 0 19 1 19 2 18 3 18 4 17 5 16 5 16 6 16 6 16 7 15 7 15 7 15 8 15 8 15 9 15 8 15 8 16 8 15 7 15 7 15 6 15 6 15 5 15 4 15 0 0 0 0 0 0 0 0 0 0 0 0 0 0 0 0 0 0 0 0 0 0 1 21 -1 21 -2 21 -4 21 -5 22 -5 22 -7 22 -7 23 -8 22 -9 22 -10 22 -10 21 -10 20 -10 20 -10 20 -10 20 -9 19 -8 20 -7 19 -7 19 -6 20 -5 20 -5 20 -4 20 -3 20 -2 20 ]

CSI_DATA,AP,46:C6:EE:AC:4F:DC,-35,11,1,7,0,0,1,1,0,0,1,-96,1,6,0,7853367,0,129,0,0,8.02766,256,[-127 -112 7 0 10 19 10 18 11 18 12 17 12 16 12 14 13 14 13 14 14 13 14 12 15 12 15 11 15 11 15 11 16 11 16 11 15 11 15 12 15 12 14 12 14 12 13 13 13 13 12 13 11 14 0 0 0 0 0 0 0 0 0 0 0 0 0 0 0 0 0 0 0 0 0 0 13 20 11 21 9 22 8 23 7 23 7 24 6 25 5 26 4 26 3 25 2 26 1 26 1 26 1 25 1 25 1 25 1 24 2 24 2 23 3 22 4 23 5 22 5 23 7 22 7 21 8 21 ]

CSI_DATA,AP,46:C6:EE:AC:4F:DC,-35,11,1,7,0,0,1,1,0,0,1,-96,1,6,0,7853488,0,114,0,0,8.03502,256,[114 -96 6 0 -6 18 -6 18 -5 18 -4 18 -3 18 -2 17 -1 17 0 17 0 17 1 17 1 17 2 16 3 17 3 17 3 17 3 17 2 17 3 17 2 17 2 17 1 16 1 17 0 16 -1 17 -2 16 0 0 0 0 0 0 0 0 0 0 0 0 0 0 0 0 0 0 0 0 0 0 -6 20 -8 21 -9 20 -11 20 -11 19 -12 19 -13 20 -14 20 -14 19 -15 18 -16 18 -16 17 -17 17 -16 16 -16 17 -16 17 -15 16 -14 16 -14 16 -13 16 -12 17 -12 17 -11 18 -11 18 -10 18 -9 18 ]

CSI_DATA,AP,46:C6:EE:AC:4F:DC,-36,11,1,7,0,0,1,0,0,0,1,-96,0,6,0,8106197,0,94,0,0,8.28062,256,[94 96 5 0 14 -17 14 -17 13 -18 12 -18 11 -18 10 -18 10 -18 8 -19 8 -20 7 -20 7 -20 7 -20 6 -20 6 -21 6 -21 7 -20 7 -20 8 -21 8 -21 8 -20 8 -19 9 -19 10 -18 11 -18 12 -16 0 0 0 0 0 0 0 0 0 0 0 0 0 0 0 0 0 0 0 0 0 0 15 -18 17 -17 18 -16 19 -16 19 -14 20 -14 21 -14 22 -13 22 -12 23 -11 23 -11 22 -10 23 -10 22 -8 22 -9 22 -10 21 -10 21 -10 20 -11 19 -12 20 -13 19 -13 18 -13 18 -14 17 -15 17 -16 ]

CSI_DATA,AP,46:C6:EE:AC:4F:DC,-36,11,1,7,0,0,1,1,0,0,1,-96,1,6,0,8117604,0,130,0,0,8.29177,256,[-126 -96 7 0 15 -15 14 -16 14 -16 13 -17 12 -17 11 -17 10 -17 9 -18 9 -19 9 -19 9 -19 7 -19 8 -19 8 -20 7 -20 8 -19 8 -19 9 -20 9 -19 10 -19 10 -18 10 -17 11 -17 12 -17 13 -15 0 0 0 0 0 0 0 0 0 0 0 0 0 0 0 0 0 0 0 0 0 0 15 -17 17 -16 18 -15 19 -14 19 -13 20 -12 21 -12 22 -11 22 -10 22 -9 23 -9 23 -8 22 -8 22 -7 22 -8 21 -8 21 -9 20 -9 20 -10 19 -10 20 -11 19 -12 19 -13 18 -13 17 -13 17 -14 ]

CSI_DATA,AP,46:C6:EE:AC:4F:DC,-35,11,1,7,0,0,1,1,0,0,1,-96,1,6,0,8796358,0,129,0,0,8.97082,256,[-127 -112 7 0 12 17 12 17 13 17 14 16 14 15 14 14 14 14 15 13 16 12 17 12 16 11 16 11 16 11 17 11 17 11 16 11 16 12 16 13 15 12 15 12 14 13 14 13 14 13 13 14 11 14 0 0 0 0 0 0 0 0 0 0 0 0 0 0 0 0 0 0 0 0 0 0 13 17 12 18 10 19 9 20 8 20 8 21 7 22 6 23 5 22 5 23 5 23 5 23 4 22 3 22 3 22 4 22 4 22 5 21 5 20 6 21 7 21 8 20 8 21 9 20 10 19 11 19 ]

CSI_DATA,AP,46:C6:EE:AC:4F:DC,-36,11,1,7,0,0,1,0,0,0,1,-96,0,6,0,8796515,0,94,0,0,8.97845,256,[94 96 5 0 23 1 23 0 23 -1 22 -1 22 -2 21 -3 21 -4 21 -5 21 -6 20 -7 21 -7 20 -7 21 -8 20 -8 21 -8 21 -7 20 -7 21 -6 21 -6 21 -5 21 -4 20 -4 20 -3 21 -2 21 -1 0 0 0 0 0 0 0 0 0 0 0 0 0 0 0 0 0 0 0 0 0 0 23 0 23 2 23 3 23 4 23 6 23 7 23 8 24 9 23 10 23 10 23 11 23 11 22 11 22 11 22 11 22 10 22 10 21 9 22 8 22 8 23 7 23 6 22 6 24 5 24 4 24 3 ]

CSI_DATA,AP,46:C6:EE:AC:4F:DC,-35,11,1,7,0,0,1,1,0,0,1,-96,1,6,0,8817446,0,129,0,0,8.99176,256,[-127 -112 7 0 -13 -18 -13 -17 -13 -17 -14 -16 -14 -16 -14 -15 -15 -14 -15 -14 -16 -13 -16 -13 -17 -12 -17 -11 -17 -11 -17 -11 -17 -12 -17 -12 -16 -12 -17 -13 -16 -13 -15 -13 -15 -13 -15 -13 -15 -13 -14 -14 -12 -15 0 0 0 0 0 0 0 0 0 0 0 0 0 0 0 0 0 0 0 0 0 0 -12 -18 -11 -19 -10 -20 -9 -21 -8 -21 -8 -22 -7 -23 -6 -23 -5 -23 -5 -23 -5 -23 -4 -23 -4 -22 -4 -22 -4 -23 -4 -23 -5 -22 -5 -22 -6 -22 -6 -21 -7 -21 -7 -21 -8 -21 -10 -20 -10 -20 -10 -20 ]

CSI_DATA,AP,46:C6:EE:AC:4F:DC,-35,11,1,7,0,0,1,1,0,0,1,-96,1,6,0,8839512,0,114,0,0,9.01379,256,[114 -96 6 0 21 -4 21 -4 21 -5 21 -6 20 -6 19 -7 19 -7 18 -8 18 -10 18 -10 18 -10 17 -11 17 -11 18 -11 18 -11 18 -11 18 -11 19 -10 19 -10 18 -9 18 -8 18 -8 18 -7 19 -7 18 -5 0 0 0 0 0 0 0 0 0 0 0 0 0 0 0 0 0 0 0 0 0 0 21 -3 22 -1 22 0 22 1 22 2 22 3 23 4 23 5 23 6 23 6 23 7 22 7 22 7 22 7 22 7 22 6 21 6 21 5 21 5 22 4 22 3 22 2 22 2 22 0 23 -1 22 -1 ]

CSI_DATA,AP,46:C6:EE:AC:4F:DC,-38,11,1,7,0,0,1,0,0,0,1,-96,0,6,0,9218208,0,94,0,0,9.39269,256,[94 96 5 0 7 17 8 17 9 17 9 16 10 15 11 14 12 13 12 12 13 12 14 11 14 11 15 10 14 10 15 10 15 10 16 10 15 9 16 10 15 10 15 10 15 11 14 12 14 12 14 12 12 13 0 0 0 0 0 0 0 0 0 0 0 0 0 0 0 0 0 0 0 0 0 0 8 26 6 27 4 27 2 27 1 27 0 28 -1 28 -2 29 -3 27 -4 28 -4 27 -5 26 -5 26 -5 25 -5 25 -4 24 -4 24 -3 23 -2 22 -1 22 0 22 1 22 2 22 3 21 4 21 5 20 ]

CSI_DATA,AP,46:C6:EE:AC:4F:DC,-36,11,1,7,0,0,1,1,0,0,1,-96,1,6,0,9597694,0,116,0,0,9.77199,256,[116 -64 6 0 10 -17 10 -17 9 -17 8 -18 6 -18 5 -17 5 -18 4 -18 3 -19 3 -19 2 -19 2 -18 1 -18 1 -19 1 -19 1 -19 1 -19 1 -19 2 -19 2 -18 2 -18 2 -18 3 -18 4 -18 5 -17 0 0 0 0 0 0 0 0 0 0 0 0 0 0 0 0 0 0 0 0 0 0 14 -21 16 -20 17 -19 18 -19 19 -17 20 -17 21 -16 21 -16 21 -15 22 -14 23 -13 22 -12 22 -12 22 -11 22 -11 20 -11 20 -12 19 -12 19 -12 17 -13 18 -13 16 -14 16 -15 15 -15 14 -15 13 -17 ]

CSI_DATA,AP,46:C6:EE:AC:4F:DC,-39,11,1,7,0,0,1,1,0,0,1,-96,1,6,0,9609681,0,116,0,0,9.78395,256,[116 -64 6 0 16 -13 15 -13 14 -14 13 -14 13 -15 11 -15 11 -15 9 -16 9 -17 7 -17 8 -17 7 -17 7 -17 6 -18 6 -18 7 -18 6 -18 7 -18 6 -18 7 -17 7 -17 8 -16 7 -16 9 -16 9 -15 0 0 0 0 0 0 0 0 0 0 0 0 0 0 0 0 0 0 0 0 0 0 21 -16 22 -14 23 -13 24 -11 24 -10 25 -9 26 -8 27 -7 26 -6 26 -6 26 -4 25 -4 26 -4 25 -3 25 -3 24 -4 23 -4 22 -4 21 -5 20 -6 22 -7 21 -8 20 -9 19 -9 19 -9 18 -11 ]

CSI_DATA,AP,46:C6:EE:AC:4F:DC,-38,11,1,7,0,0,1,1,0,0,1,-96,1,6,0,9640895,0,121,0,0,9.81523,256,[121 16 7 0 -20 4 -20 5 -19 6 -19 6 -18 8 -17 8 -16 9 -16 10 -15 10 -15 11 -15 12 -14 11 -14 13 -13 12 -14 13 -13 13 -14 13 -14 13 -14 12 -14 12 -14 11 -14 11 -14 10 -16 10 -16 9 0 0 0 0 0 0 0 0 0 0 0 0 0 0 0 0 0 0 0 0 0 0 -26 4 -27 2 -27 1 -28 -1 -27 -2 -28 -4 -28 -4 -28 -6 -27 -6 -27 -7 -27 -8 -26 -8 -26 -8 -25 -8 -25 -9 -24 -8 -24 -7 -23 -6 -23 -5 -22 -4 -23 -3 -23 -3 -23 -1 -22 0 -22 0 -22 2 ]

CSI_DATA,AP,46:C6:EE:AC:4F:DC,-40,11,1,7,0,0,1,1,0,0,1,-96,1,6,0,9656057,0,121,0,0,9.83033,256,[121 16 7 0 -16 -15 -16 -14 -16 -13 -17 -13 -18 -11 -18 -10 -17 -9 -18 -8 -18 -8 -19 -7 -19 -6 -19 -6 -20 -5 -19 -5 -19 -5 -20 -5 -19 -5 -20 -5 -19 -5 -19 -5 -19 -6 -19 -6 -18 -7 -18 -8 -18 -8 0 0 0 0 0 0 0 0 0 0 0 0 0 0 0 0 0 0 0 0 0 0 -19 -20 -18 -22 -16 -23 -16 -24 -14 -24 -13 -26 -12 -27 -12 -27 -10 -27 -9 -27 -9 -27 -8 -27 -8 -27 -7 -26 -7 -26 -8 -25 -8 -24 -8 -23 -9 -23 -10 -22 -11 -22 -11 -21 -12 -20 -13 -19 -13 -19 -14 -18 ]

CSI_DATA,AP,46:C6:EE:AC:4F:DC,-36,11,1,7,0,0,1,1,0,0,1,-96,1,6,0,9801961,0,124,0,0,9.9763,256,[124 64 7 0 -18 12 -17 13 -16 14 -16 14 -14 15 -13 15 -12 15 -11 16 -10 17 -10 17 -9 17 -8 17 -8 17 -8 18 -7 19 -7 18 -8 19 -8 19 -8 19 -8 18 -8 17 -9 18 -9 17 -11 17 -11 16 0 0 0 0 0 0 0 0 0 0 0 0 0 0 0 0 0 0 0 0 0 0 -25 15 -26 13 -27 11 -28 10 -28 8 -29 8 -30 7 -30 6 -30 4 -30 3 -30 3 -29 2 -28 2 -28 1 -28 1 -27 2 -26 3 -26 4 -25 4 -24 5 -24 6 -24 7 -23 8 -22 8 -21 9 -21 10 ]

CSI_DATA,AP,46:C6:EE:AC:4F:DC,-37,11,1,7,0,0,1,0,0,0,1,-96,0,6,0,9805336,0,94,0,0,9.98413,256,[94 96 5 0 20 -8 20 -9 19 -9 18 -10 17 -11 16 -12 15 -13 15 -14 14 -14 14 -15 13 -16 12 -15 12 -16 12 -16 12 -17 12 -16 12 -17 12 -17 13 -17 13 -16 12 -15 13 -15 13 -15 14 -14 15 -13 0 0 0 0 0 0 0 0 0 0 0 0 0 0 0 0 0 0 0 0 0 0 27 -9 28 -7 29 -5 29 -3 29 -2 29 -1 30 1 30 2 30 3 29 4 28 5 28 5 28 5 27 5 27 5 26 5 26 4 24 3 25 2 24 1 24 0 24 -1 23 -2 23 -3 22 -4 23 -5 ]

CSI_DATA,AP,46:C6:EE:AC:4F:DC,-37,11,1,7,0,0,1,1,0,0,1,-96,1,6,0,9841705,0,114,0,0,10.0159,256,[114 -96 6 0 -22 -7 -23 -5 -21 -4 -23 -3 -22 -2 -21 -1 -20 0 -21 2 -21 2 -21 3 -21 4 -20 5 -21 5 -20 5 -21 5 -21 5 -21 5 -21 4 -21 5 -21 4 -20 3 -21 3 -21 3 -21 2 -21 0 0 0 0 0 0 0 0 0 0 0 0 0 0 0 0 0 0 0 0 0 0 0 -29 -8 -28 -11 -27 -12 -27 -14 -26 -15 -25 -16 -26 -18 -25 -19 -24 -20 -23 -20 -23 -21 -22 -22 -22 -20 -21 -20 -21 -20 -20 -19 -20 -18 -20 -17 -20 -16 -21 -16 -21 -15 -21 -14 -22 -13 -22 -11 -23 -11 -22 -9 ]

CSI_DATA,AP,46:C6:EE:AC:4F:DC,-40,11,1,7,0,0,1,1,0,0,1,-96,1,6,0,9926623,0,114,0,0,10.101,256,[114 -96 6 0 20 -7 20 -8 19 -8 18 -9 18 -9 16 -10 16 -11 15 -12 15 -13 14 -14 14 -15 13 -15 13 -15 13 -16 13 -16 13 -16 13 -16 14 -16 14 -16 14 -15 14 -14 14 -14 14 -14 15 -13 16 -12 0 0 0 0 0 0 0 0 0 0 0 0 0 0 0 0 0 0 0 0 0 0 26 -7 27 -5 27 -3 27 -2 27 0 27 1 28 2 28 4 27 4 27 5 27 5 26 6 26 6 25 6 25 6 24 5 24 5 23 4 23 3 23 2 24 2 23 0 23 -1 23 -2 22 -3 21 -4 ]

CSI_DATA,AP,46:C6:EE:AC:4F:DC,-38,11,1,7,0,0,1,1,0,0,1,-96,1,6,0,9926747,0,129,0,0,10.1087,256,[-127 -112 7 0 15 -13 15 -13 14 -14 13 -15 12 -15 10 -15 10 -15 9 -17 8 -17 8 -18 7 -18 6 -18 6 -18 5 -19 6 -19 6 -18 6 -18 6 -19 6 -19 7 -18 6 -17 7 -17 7 -17 9 -18 10 -17 0 0 0 0 0 0 0 0 0 0 0 0 0 0 0 0 0 0 0 0 0 0 20 -15 23 -13 23 -12 25 -11 24 -9 25 -9 25 -7 26 -7 26 -6 26 -5 26 -4 25 -4 24 -3 25 -3 25 -4 23 -4 23 -4 22 -5 21 -6 20 -6 21 -7 21 -8 20 -9 19 -10 18 -10 18 -11 ]

CSI_DATA,AP,46:C6:EE:AC:4F:DC,-37,11,1,7,0,0,1,1,0,0,1,-96,1,6,0,9949158,0,114,0,0,10.1235,256,[114 -96 6 0 -7 -18 -7 -18 -8 -17 -9 -16 -9 -16 -10 -15 -10 -14 -11 -14 -11 -14 -12 -14 -13 -13 -13 -12 -13 -12 -13 -12 -14 -12 -14 -12 -13 -12 -14 -13 -13 -13 -13 -13 -13 -13 -12 -13 -12 -14 -11 -14 -10 -15 0 0 0 0 0 0 0 0 0 0 0 0 0 0 0 0 0 0 0 0 0 0 -9 -23 -7 -24 -5 -24 -3 -24 -3 -24 -2 -25 -1 -25 0 -26 1 -25 2 -25 3 -25 3 -24 3 -23 3 -23 3 -23 3 -23 2 -22 2 -21 1 -21 0 -21 0 -21 -1 -21 -2 -21 -3 -20 -3 -20 -5 -20 ]

CSI_DATA,AP,46:C6:EE:AC:4F:DC,-37,11,1,7,0,0,1,1,0,0,1,-96,1,6,0,9949423,0,129,0,0,10.1318,256,[-127 -112 7 0 7 -20 7 -21 6 -21 4 -21 3 -21 2 -20 0 -20 0 -20 -1 -20 -3 -20 -3 -20 -4 -20 -5 -21 -4 -21 -5 -21 -5 -20 -4 -21 -4 -21 -4 -21 -4 -21 -3 -20 -3 -21 -3 -21 -1 -21 0 -21 0 0 0 0 0 0 0 0 0 0 0 0 0 0 0 0 0 0 0 0 0 0 11 -26 14 -26 15 -25 17 -24 18 -22 19 -23 20 -21 21 -21 22 -20 21 -20 22 -19 22 -19 21 -17 21 -18 21 -17 20 -17 19 -17 18 -17 18 -18 16 -18 16 -19 15 -19 13 -19 12 -20 11 -21 11 -21 ]

CSI_DATA,AP,46:C6:EE:AC:4F:DC,-38,11,1,7,0,0,1,0,0,0,1,-96,0,6,0,10039603,0,94,0,0,10.2136,256,[94 96 5 0 -2 21 -1 20 0 20 1 20 2 19 3 18 4 17 5 18 6 18 7 18 7 17 7 16 8 16 8 17 9 17 9 17 9 16 8 17 8 17 8 17 7 17 7 18 7 18 5 18 4 18 0 0 0 0 0 0 0 0 0 0 0 0 0 0 0 0 0 0 0 0 0 0 -2 27 -5 28 -7 27 -9 27 -10 26 -11 26 -12 26 -13 26 -13 25 -15 24 -15 24 -15 23 -15 22 -15 21 -16 21 -14 21 -14 21 -13 21 -11 20 -11 20 -10 21 -9 22 -8 22 -7 21 -5 22 -4 21 ]

CSI_DATA,AP,46:C6:EE:AC:4F:DC,-37,11,1,7,0,0,1,1,0,0,1,-96,1,6,0,10067573,0,114,0,0,10.2419,256,[114 -96 6 0 23 3 22 2 22 1 22 0 22 -1 21 -3 21 -3 20 -5 20 -6 20 -7 19 -7 19 -9 19 -8 18 -9 19 -9 20 -9 19 -8 20 -10 19 -9 19 -9 19 -8 19 -7 19 -6 20 -6 20 -4 0 0 0 0 0 0 0 0 0 0 0 0 0 0 0 0 0 0 0 0 0 0 29 5 29 8 28 10 27 11 26 12 26 14 26 15 26 16 25 16 25 18 24 18 22 19 22 18 22 17 22 17 21 17 21 15 21 15 21 13 22 12 23 12 22 10 22 9 23 9 23 8 23 6 ]

CSI_DATA,AP,46:C6:EE:AC:4F:DC,-37,11,1,7,0,0,1,1,0,0,1,-96,1,6,0,10070050,0,129,0,0,10.2495,256,[-127 -112 7 0 14 14 15 13 16 12 16 12 15 10 16 9 16 8 16 7 17 7 18 6 18 5 17 5 18 5 18 4 18 4 18 4 18 4 18 4 18 5 17 5 17 5 17 6 16 7 17 8 16 8 0 0 0 0 0 0 0 0 0 0 0 0 0 0 0 0 0 0 0 0 0 0 18 18 17 20 15 21 14 22 13 22 12 24 11 25 10 26 9 25 8 25 8 26 7 25 6 25 7 25 7 24 6 23 7 23 7 22 8 21 9 20 10 20 11 20 10 19 11 18 12 17 13 17 ]

CSI_DATA,AP,46:C6:EE:AC:4F:DC,-37,11,1,7,0,0,1,1,0,0,1,-96,1,6,0,10086076,0,114,0,0,10.2603,256,[114 -96 6 0 -2 20 -1 20 0 20 1 19 1 19 3 18 4 18 5 17 5 18 6 17 6 17 7 16 7 16 8 17 8 17 8 17 7 17 8 18 8 17 7 17 7 17 6 17 5 17 5 18 3 18 0 0 0 0 0 0 0 0 0 0 0 0 0 0 0 0 0 0 0 0 0 0 -2 27 -5 27 -7 26 -9 25 -10 25 -11 25 -12 26 -13 25 -13 24 -15 23 -15 23 -16 22 -15 21 -15 21 -15 21 -14 21 -13 20 -12 20 -12 20 -11 20 -10 20 -8 21 -8 21 -6 20 -7 21 -5 21 ]

CSI_DATA,AP,46:C6:EE:AC:4F:DC,-37,11,1,7,0,0,1,1,0,0,1,-96,1,6,0,10090586,0,129,0,0,10.2679,256,[-127 -112 7 0 -14 -13 -14 -12 -14 -11 -14 -11 -15 -9 -14 -9 -15 -8 -15 -7 -16 -6 -16 -6 -16 -6 -16 -5 -16 -5 -16 -4 -17 -4 -17 -4 -16 -4 -17 -4 -16 -5 -16 -5 -16 -5 -16 -6 -16 -6 -16 -7 -15 -7 0 0 0 0 0 0 0 0 0 0 0 0 0 0 0 0 0 0 0 0 0 0 -17 -17 -16 -18 -14 -19 -13 -20 -13 -20 -12 -22 -11 -22 -10 -23 -9 -23 -9 -23 -8 -23 -7 -23 -7 -22 -6 -22 -7 -22 -7 -21 -7 -20 -8 -20 -8 -19 -9 -18 -9 -18 -10 -17 -11 -18 -11 -17 -12 -16 -13 -16 ]

CSI_DATA,AP,46:C6:EE:AC:4F:DC,-37,11,1,7,0,0,1,1,0,0,1,-96,1,6,0,10114094,0,119,0,0,10.2884,256,[119 -16 6 0 -11 -18 -12 -17 -12 -17 -13 -15 -14 -14 -14 -13 -14 -12 -15 -11 -15 -11 -15 -10 -17 -10 -16 -9 -17 -8 -17 -9 -17 -9 -17 -8 -17 -8 -17 -8 -17 -8 -16 -9 -16 -9 -16 -9 -16 -9 -15 -10 -15 -11 0 0 0 0 0 0 0 0 0 0 0 0 0 0 0 0 0 0 0 0 0 0 -14 -24 -11 -26 -9 -26 -8 -27 -7 -27 -6 -27 -5 -28 -4 -29 -3 -28 -2 -28 -1 -27 0 -28 -1 -27 -1 -26 -1 -26 -1 -25 -2 -25 -2 -24 -3 -23 -4 -23 -5 -23 -6 -22 -6 -22 -7 -21 -8 -21 -9 -20 ]

CSI_DATA,AP,46:C6:EE:AC:4F:DC,-37,11,1,7,0,0,1,1,0,0,1,-96,1,6,0,10127206,0,119,0,0,10.3015,256,[119 -16 6 0 16 -13 15 -13 14 -14 13 -14 12 -15 11 -15 11 -15 9 -15 9 -16 8 -17 7 -17 6 -17 7 -17 6 -18 6 -18 6 -17 6 -18 6 -18 7 -18 7 -17 7 -17 7 -17 8 -17 9 -16 10 -15 0 0 0 0 0 0 0 0 0 0 0 0 0 0 0 0 0 0 0 0 0 0 21 -15 24 -14 24 -12 25 -11 25 -9 26 -9 27 -7 27 -6 27 -5 27 -5 26 -4 26 -3 26 -3 25 -3 25 -3 24 -4 23 -4 22 -4 22 -5 22 -6 22 -6 21 -7 20 -8 20 -9 19 -10 18 -11 ]

CSI_DATA,AP,14:85:7F:81:BF:55,-79,11,0,0,0,0,0,0,0,0,0,-96,0,6,0,10206320,0,222,0,0,10.381,128,[-34 -32 13 0 11 0 13 3 14 4 17 12 18 14 21 18 17 16 15 20 17 16 19 15 20 15 22 14 25 13 23 9 20 0 26 1 22 2 21 -4 21 0 22 0 22 -4 20 -4 21 -7 21 -7 17 -6 0 0 0 0 0 0 0 0 0 0 0 0 0 0 0 0 0 0 0 0 0 0 2 -9 3 -8 3 -12 4 -17 4 -14 3 -15 4 -19 10 -24 9 -24 15 -28 22 -26 22 -31 15 -27 20 -30 16 -24 21 -20 17 -15 13 -11 14 -14 7 -14 5 -11 6 -12 4 -8 0 -7 4 -5 4 -8 ]

CSI_DATA,AP,20:79:18:B1:AB:AC,-83,11,0,0,0,0,0,0,0,0,0,-96,0,6,0,10401605,0,74,0,0,10.576,128,[74 -96 4 0 -18 14 -13 12 -11 23 -16 16 -16 16 -17 17 -14 23 -10 27 -10 21 -11 27 -9 24 -11 20 -13 15 -7 17 -1 22 -5 14 -3 13 0 14 2 13 -1 14 4 16 5 15 4 19 -3 14 -4 13 0 0 0 0 0 0 0 0 0 0 0 0 0 0 0 0 0 0 0 0 0 0 -6 9 -9 9 -9 10 -9 5 -9 5 -9 8 -12 6 -12 14 -17 10 -18 17 -19 15 -22 19 -27 13 -26 15 -25 13 -24 7 -28 21 -28 9 -26 9 -22 11 -26 7 -31 5 -21 5 -20 15 -27 7 -18 17 ]

CSI_DATA,AP,46:C6:EE:AC:4F:DC,-37,11,1,7,0,0,1,0,0,0,1,-96,0,6,0,10809203,0,94,0,0,10.9836,256,[94 96 5 0 -15 12 -15 13 -14 13 -13 13 -12 14 -11 14 -11 14 -10 15 -9 15 -9 16 -9 16 -9 16 -8 16 -8 16 -8 17 -8 16 -8 16 -9 17 -9 16 -9 15 -10 15 -10 15 -11 14 -12 14 -12 13 0 0 0 0 0 0 0 0 0 0 0 0 0 0 0 0 0 0 0 0 0 0 -18 13 -19 12 -19 10 -21 10 -20 9 -21 8 -22 7 -22 7 -22 6 -22 5 -22 4 -22 4 -22 4 -21 4 -21 4 -20 4 -21 4 -19 6 -19 6 -18 6 -19 7 -18 8 -18 9 -17 9 -18 10 -16 11 ]

CSI_DATA,AP,46:C6:EE:AC:4F:DC,-37,11,1,7,0,0,1,1,0,0,1,-96,1,6,0,11479902,0,110,0,0,11.6543,256,[110 96 6 0 20 0 20 -1 20 -2 20 -2 19 -3 18 -4 18 -4 17 -6 17 -7 17 -8 17 -8 17 -8 16 -8 16 -9 17 -9 17 -9 16 -9 17 -9 17 -9 17 -8 16 -7 17 -7 16 -6 17 -6 18 -5 0 0 0 0 0 0 0 0 0 0 0 0 0 0 0 0 0 0 0 0 0 0 26 0 26 2 25 4 26 5 25 7 25 8 25 10 25 11 25 12 24 12 23 13 23 13 22 13 21 13 21 13 21 11 21 11 21 10 20 9 20 8 21 8 21 6 21 6 21 5 21 4 21 3 ]

CSI_DATA,AP,46:C6:EE:AC:4F:DC,-37,11,1,7,0,0,1,0,0,0,1,-96,0,6,0,11779069,0,94,0,0,11.9533,256,[94 96 5 0 15 -15 15 -16 14 -16 13 -16 12 -16 11 -16 10 -17 10 -18 9 -18 8 -19 7 -19 7 -19 7 -19 7 -19 7 -19 7 -19 7 -19 8 -19 8 -19 8 -18 8 -18 8 -17 8 -16 10 -17 11 -16 0 0 0 0 0 0 0 0 0 0 0 0 0 0 0 0 0 0 0 0 0 0 18 -19 20 -17 21 -15 22 -15 23 -13 24 -12 24 -11 25 -11 25 -10 25 -9 25 -8 25 -8 25 -8 24 -7 24 -7 23 -7 22 -7 22 -8 22 -9 20 -9 20 -10 20 -11 19 -11 19 -12 18 -13 18 -14 ]

CSI_DATA,AP,46:C6:EE:AC:4F:DC,-37,11,1,7,0,0,1,1,0,0,1,-96,1,6,0,11811636,0,124,0,0,11.9859,256,[124 64 7 0 19 2 20 2 19 1 20 0 20 -1 19 -2 18 -2 19 -4 18 -4 18 -4 18 -5 17 -5 18 -6 18 -6 18 -6 18 -6 18 -6 19 -6 18 -6 18 -5 18 -4 18 -3 17 -3 18 -2 18 -1 0 0 0 0 0 0 0 0 0 0 0 0 0 0 0 0 0 0 0 0 0 0 24 3 25 6 24 7 24 9 23 10 23 11 23 12 22 13 21 14 21 14 20 15 19 15 19 15 18 14 19 14 18 14 18 13 18 12 19 12 18 10 19 10 19 8 19 8 20 7 20 7 20 6 ]

CSI_DATA,AP,46:C6:EE:AC:4F:DC,-37,11,1,7,0,0,1,0,0,0,1,-96,0,6,0,11817002,0,94,0,0,11.9934,256,[94 96 5 0 11 17 11 16 12 16 12 15 13 14 14 13 13 13 14 12 15 11 15 11 16 10 15 9 15 9 15 10 16 9 16 10 16 10 16 10 15 10 15 10 14 11 14 11 13 11 13 12 12 12 0 0 0 0 0 0 0 0 0 0 0 0 0 0 0 0 0 0 0 0 0 0 14 20 12 21 11 22 9 23 8 23 7 25 6 26 5 25 5 25 4 25 3 25 3 25 2 24 2 23 2 24 2 23 2 23 3 21 4 21 5 20 5 21 6 20 7 20 8 20 8 19 10 18 ]

CSI_DATA,AP,46:C6:EE:AC:4F:DC,-37,11,1,7,0,0,1,1,0,0,1,-96,1,6,0,11882959,0,114,0,0,12.0572,256,[114 -96 6 0 -10 -19 -10 -18 -10 -18 -11 -17 -12 -15 -12 -14 -12 -14 -13 -14 -14 -13 -14 -12 -15 -12 -15 -11 -16 -11 -16 -11 -15 -11 -16 -10 -15 -11 -16 -11 -16 -12 -15 -11 -15 -11 -14 -12 -14 -12 -13 -13 -12 -13 0 0 0 0 0 0 0 0 0 0 0 0 0 0 0 0 0 0 0 0 0 0 -10 -24 -8 -24 -7 -26 -5 -25 -4 -26 -3 -26 -2 -27 -1 -27 -1 -27 0 -26 1 -26 2 -26 2 -25 2 -24 1 -24 2 -24 0 -23 0 -23 -1 -22 -2 -22 -3 -22 -4 -22 -5 -22 -6 -21 -7 -20 -7 -20 ]

CSI_DATA,AP,46:C6:EE:AC:4F:DC,-37,11,1,7,0,0,1,0,0,0,1,-96,0,6,0,11883898,0,94,0,0,12.0657,256,[94 96 5 0 13 -15 12 -15 12 -16 11 -15 11 -16 9 -17 8 -16 7 -16 7 -17 6 -18 5 -17 5 -17 4 -18 4 -18 4 -18 5 -18 4 -18 5 -18 5 -18 6 -18 5 -17 6 -17 6 -16 7 -16 8 -16 0 0 0 0 0 0 0 0 0 0 0 0 0 0 0 0 0 0 0 0 0 0 18 -18 19 -16 21 -15 21 -14 22 -13 22 -12 23 -11 24 -10 23 -9 25 -8 24 -8 23 -7 23 -7 22 -6 22 -6 22 -7 21 -7 21 -8 20 -8 19 -9 19 -10 18 -10 18 -11 17 -12 16 -12 16 -13 ]

CSI_DATA,AP,46:C6:EE:AC:4F:DC,-37,11,1,7,0,0,1,0,0,0,1,-96,0,6,0,12924002,0,94,0,0,13.0984,256,[94 96 5 0 9 19 9 18 10 18 11 17 11 16 12 14 12 14 12 14 13 14 13 12 14 12 14 11 15 11 15 12 15 11 15 11 15 11 15 12 14 12 14 12 13 12 13 13 12 12 12 13 10 14 0 0 0 0 0 0 0 0 0 0 0 0 0 0 0 0 0 0 0 0 0 0 9 24 8 25 6 24 4 25 3 25 2 26 1 27 1 27 0 27 -1 26 -2 26 -2 26 -3 25 -3 24 -3 24 -2 24 -2 23 0 23 0 22 1 22 2 23 3 22 4 22 4 21 6 21 7 20 ]

CSI_DATA,AP,46:C6:EE:AC:4F:DC,-38,11,1,7,0,0,1,0,0,0,1,-96,0,6,0,13717566,0,94,0,0,13.8919,256,[94 96 5 0 18 -4 18 -4 18 -5 18 -5 17 -6 16 -7 15 -8 15 -9 15 -10 14 -10 14 -11 14 -10 13 -10 14 -12 14 -12 13 -11 14 -11 14 -11 14 -11 14 -11 14 -10 14 -9 14 -9 15 -8 15 -7 0 0 0 0 0 0 0 0 0 0 0 0 0 0 0 0 0 0 0 0 0 0 24 -4 24 -1 24 0 24 2 24 3 24 4 25 5 25 5 24 7 24 7 23 7 22 8 22 8 21 8 22 7 21 8 20 6 20 5 20 5 19 5 20 3 21 2 20 2 20 1 20 0 20 -1 ]

CSI_DATA,AP,46:C6:EE:AC:4F:DC,-37,11,1,7,0,0,1,1,0,0,1,-96,1,6,0,13889025,0,219,0,0,14.0635,256,[-37 48 13 0 -17 -13 -17 -13 -16 -12 -17 -11 -17 -10 -17 -9 -17 -9 -17 -7 -17 -7 -17 -5 -18 -5 -17 -4 -17 -4 -17 -3 -18 -3 -18 -3 -18 -3 -18 -4 -17 -4 -17 -4 -17 -5 -17 -5 -17 -5 -16 -5 -16 -6 0 0 0 0 0 0 0 0 0 0 0 0 0 0 0 0 0 0 0 0 0 0 -22 -16 -21 -19 -19 -19 -19 -21 -17 -21 -17 -23 -16 -24 -15 -25 -14 -25 -13 -24 -13 -25 -12 -25 -11 -24 -11 -24 -11 -24 -11 -24 -11 -23 -11 -22 -12 -21 -12 -20 -13 -20 -13 -19 -14 -18 -15 -18 -15 -17 -16 -17 ]

CSI_DATA,AP,46:C6:EE:AC:4F:DC,-37,11,1,7,0,0,1,1,0,0,1,-96,1,6,0,13889154,0,114,0,0,14.0722,256,[114 -96 6 0 -11 -18 -12 -17 -12 -17 -12 -16 -13 -14 -13 -14 -13 -13 -14 -12 -14 -11 -15 -11 -15 -11 -15 -10 -16 -9 -15 -9 -16 -9 -15 -9 -15 -8 -15 -9 -15 -9 -15 -9 -15 -9 -14 -10 -14 -10 -13 -11 -13 -11 0 0 0 0 0 0 0 0 0 0 0 0 0 0 0 0 0 0 0 0 0 0 -15 -23 -14 -24 -12 -25 -10 -26 -9 -26 -9 -27 -8 -28 -7 -28 -5 -28 -4 -27 -3 -28 -3 -28 -2 -27 -2 -26 -3 -26 -3 -25 -3 -25 -3 -24 -4 -23 -5 -23 -6 -23 -6 -23 -7 -22 -8 -21 -9 -21 -9 -21 ]

CSI_DATA,AP,46:C6:EE:AC:4F:DC,-37,11,1,7,0,0,1,0,0,0,1,-96,0,6,0,13890137,0,94,0,0,14.0803,256,[94 96 5 0 -19 -9 -19 -9 -19 -7 -19 -6 -19 -5 -19 -4 -18 -4 -18 -2 -18 -2 -18 -1 -18 0 -18 1 -18 1 -17 2 -17 2 -18 2 -17 2 -18 2 -17 2 -17 2 -17 1 -17 1 -16 0 -17 0 -16 -1 0 0 0 0 0 0 0 0 0 0 0 0 0 0 0 0 0 0 0 0 0 0 -24 -12 -24 -15 -22 -16 -22 -18 -21 -18 -20 -19 -20 -20 -20 -21 -18 -21 -18 -22 -17 -22 -16 -22 -16 -22 -15 -21 -15 -22 -16 -21 -15 -20 -16 -19 -16 -18 -16 -17 -17 -16 -17 -16 -17 -15 -18 -14 -18 -13 -18 -13 ]

CSI_DATA,AP,46:C6:EE:AC:4F:DC,-37,11,1,7,0,0,1,0,0,0,1,-96,0,6,0,13890248,0,94,0,0,14.0883,256,[94 96 5 0 4 -20 3 -20 3 -20 1 -20 0 -19 0 -19 -1 -18 -2 -18 -3 -18 -4 -18 -4 -17 -5 -17 -5 -17 -5 -17 -5 -17 -6 -17 -6 -17 -6 -17 -5 -17 -5 -16 -5 -17 -5 -16 -4 -16 -4 -17 -2 -17 0 0 0 0 0 0 0 0 0 0 0 0 0 0 0 0 0 0 0 0 0 0 3 -27 6 -27 8 -26 10 -26 10 -25 11 -26 13 -25 14 -25 15 -24 15 -23 15 -23 16 -23 16 -21 16 -21 16 -21 14 -20 14 -20 13 -20 13 -20 12 -19 11 -21 11 -21 9 -21 8 -21 7 -21 6 -21 ]

CSI_DATA,AP,46:C6:EE:AC:4F:DC,-36,11,1,7,0,0,1,1,0,0,1,-96,1,6,0,14200770,0,114,0,0,14.3752,256,[114 -96 6 0 -5 -21 -6 -21 -6 -20 -7 -20 -8 -19 -8 -18 -9 -17 -10 -18 -10 -16 -11 -16 -11 -16 -11 -15 -12 -14 -12 -14 -12 -15 -12 -14 -11 -14 -12 -14 -11 -15 -11 -14 -11 -14 -10 -14 -10 -14 -9 -15 -8 -15 0 0 0 0 0 0 0 0 0 0 0 0 0 0 0 0 0 0 0 0 0 0 -7 -23 -5 -24 -3 -23 -2 -24 0 -24 0 -25 1 -25 2 -27 3 -26 4 -25 4 -25 5 -25 5 -24 5 -24 5 -24 5 -24 4 -24 4 -23 3 -23 2 -22 1 -23 1 -23 0 -23 -1 -23 -2 -23 -2 -22 ]

CSI_DATA,AP,46:C6:EE:AC:4F:DC,-36,11,1,7,0,0,1,1,0,0,1,-96,1,6,0,14200888,0,129,0,0,14.3837,256,[-127 -112 7 0 14 -16 13 -16 13 -17 12 -17 11 -17 10 -17 9 -17 8 -17 7 -18 6 -18 6 -18 5 -17 5 -17 5 -18 5 -18 5 -17 5 -18 5 -18 5 -18 6 -16 6 -16 6 -16 6 -15 7 -16 8 -15 0 0 0 0 0 0 0 0 0 0 0 0 0 0 0 0 0 0 0 0 0 0 13 -19 15 -18 16 -17 17 -17 18 -15 19 -15 20 -15 21 -14 21 -13 22 -12 22 -12 22 -11 22 -10 22 -10 22 -10 21 -11 21 -11 20 -11 20 -11 19 -11 19 -12 19 -13 18 -14 17 -14 16 -15 16 -15 ]

CSI_DATA,AP,46:C6:EE:AC:4F:DC,-37,11,1,7,0,0,1,1,0,0,1,-96,1,6,0,14222436,0,114,0,0,14.3967,256,[114 -96 6 0 -22 -10 -21 -9 -21 -9 -21 -7 -21 -6 -20 -5 -19 -4 -20 -3 -20 -3 -20 -2 -19 -2 -19 -1 -19 0 -19 0 -18 0 -19 0 -18 0 -19 0 -18 0 -18 0 -17 -1 -18 -1 -17 -1 -17 -2 -17 -3 0 0 0 0 0 0 0 0 0 0 0 0 0 0 0 0 0 0 0 0 0 0 -25 -9 -24 -11 -24 -12 -23 -14 -23 -15 -22 -16 -22 -17 -22 -19 -21 -19 -21 -20 -20 -21 -19 -21 -18 -21 -18 -21 -18 -21 -18 -21 -18 -19 -18 -18 -18 -18 -19 -17 -19 -17 -20 -16 -20 -15 -21 -14 -21 -13 -21 -13 ]

CSI_DATA,AP,46:C6:EE:AC:4F:DC,-37,11,1,7,0,0,1,1,0,0,1,-96,1,6,0,14222554,0,129,0,0,14.4052,256,[-127 -112 7 0 -10 -21 -10 -20 -10 -20 -11 -19 -12 -18 -13 -16 -13 -16 -13 -16 -13 -15 -14 -15 -14 -14 -14 -13 -15 -12 -15 -12 -14 -12 -15 -12 -14 -12 -14 -12 -14 -12 -14 -12 -13 -12 -14 -13 -13 -12 -12 -13 -11 -13 0 0 0 0 0 0 0 0 0 0 0 0 0 0 0 0 0 0 0 0 0 0 -12 -23 -11 -24 -9 -25 -8 -25 -7 -26 -7 -27 -6 -28 -5 -29 -3 -28 -2 -28 -2 -29 -1 -29 0 -27 0 -27 0 -27 -1 -27 -1 -26 -2 -27 -2 -25 -3 -25 -4 -25 -5 -25 -5 -25 -6 -24 -7 -24 -7 -23 ]

CSI_DATA,AP,46:C6:EE:AC:4F:DC,-36,11,1,7,0,0,1,1,0,0,1,-96,1,6,0,14254353,0,129,0,0,14.4287,256,[-127 -112 7 0 6 21 7 20 8 19 8 19 9 18 10 17 10 15 10 15 11 15 11 14 12 14 12 13 12 13 12 13 12 13 13 13 12 13 13 13 12 13 11 13 11 13 11 13 10 14 9 14 8 14 0 0 0 0 0 0 0 0 0 0 0 0 0 0 0 0 0 0 0 0 0 0 9 21 8 22 6 22 5 23 4 23 3 24 3 25 2 25 1 25 0 26 -1 26 -2 25 -2 25 -3 25 -2 24 -2 24 -2 24 -1 24 0 23 1 23 2 23 2 23 3 23 3 23 4 23 5 22 ]

CSI_DATA,AP,46:C6:EE:AC:4F:DC,-36,11,1,7,0,0,1,1,0,0,1,-96,1,6,0,14254605,0,114,0,0,14.4361,256,[114 -96 6 0 -14 15 -13 15 -12 15 -11 15 -10 15 -10 15 -9 15 -8 15 -8 16 -7 16 -6 15 -6 15 -5 16 -5 17 -5 16 -5 16 -5 16 -6 16 -6 16 -6 15 -6 15 -6 15 -7 14 -7 14 -9 13 0 0 0 0 0 0 0 0 0 0 0 0 0 0 0 0 0 0 0 0 0 0 -13 17 -14 16 -16 15 -17 15 -17 14 -18 13 -19 13 -20 13 -20 12 -21 11 -22 11 -21 10 -21 10 -21 9 -21 9 -21 10 -20 9 -20 10 -19 11 -18 11 -18 11 -18 12 -18 13 -17 13 -16 13 -16 14 ]

CSI_DATA,AP,46:C6:EE:AC:4F:DC,-36,11,1,7,0,0,1,1,0,0,1,-96,1,6,0,14276147,0,129,0,0,14.4504,256,[-127 -112 7 0 19 5 19 4 19 4 18 3 18 2 17 1 17 0 17 0 17 -1 17 -2 17 -2 16 -2 16 -3 16 -3 16 -3 16 -3 16 -3 16 -3 16 -3 16 -3 15 -2 15 -1 15 -1 15 0 14 1 0 0 0 0 0 0 0 0 0 0 0 0 0 0 0 0 0 0 0 0 0 0 20 2 20 4 20 5 20 6 20 7 20 8 20 9 20 10 20 11 19 11 18 12 19 13 18 13 18 13 18 13 17 13 17 12 17 12 18 11 18 10 19 10 19 9 19 9 19 8 19 8 19 7 ]

CSI_DATA,AP,46:C6:EE:AC:4F:DC,-36,11,1,7,0,0,1,1,0,0,1,-96,1,6,0,14279289,0,114,0,0,14.4578,256,[114 -96 6 0 -19 14 -18 15 -17 15 -17 15 -15 15 -14 15 -14 15 -13 16 -13 16 -12 17 -11 16 -11 16 -10 17 -10 17 -10 17 -10 17 -10 17 -11 17 -10 16 -11 16 -10 15 -11 15 -11 14 -12 14 -13 12 0 0 0 0 0 0 0 0 0 0 0 0 0 0 0 0 0 0 0 0 0 0 -17 16 -19 16 -20 15 -21 14 -22 13 -23 13 -24 12 -25 11 -25 10 -26 9 -26 8 -26 8 -26 7 -25 7 -25 7 -25 7 -25 8 -24 8 -23 8 -23 9 -24 10 -23 11 -23 12 -23 12 -22 12 -21 13 ]

CSI_DATA,AP,46:C6:EE:AC:4F:DC,-34,11,1,7,0,0,1,1,0,0,1,-96,1,6,0,14835257,0,124,0,0,15.0097,256,[124 64 7 0 3 18 3 18 4 18 5 17 6 17 6 16 7 15 8 15 8 15 9 15 9 14 9 14 10 14 10 13 10 14 10 14 9 14 9 14 9 14 9 14 8 14 8 14 8 14 7 14 5 15 0 0 0 0 0 0 0 0 0 0 0 0 0 0 0 0 0 0 0 0 0 0 5 21 3 21 1 21 0 22 -1 22 -2 23 -3 23 -4 23 -4 23 -5 22 -6 22 -6 22 -6 22 -7 21 -6 21 -6 21 -6 21 -5 20 -5 20 -3 20 -3 20 -2 20 -2 20 -1 20 0 19 1 19 ]

CSI_DATA,AP,46:C6:EE:AC:4F:DC,-34,11,1,7,0,0,1,0,0,0,1,-96,0,6,0,14835413,0,102,0,0,15.017,256,[102 -32 5 0 14 12 15 11 14 11 16 10 16 9 16 8 16 7 16 6 16 6 16 5 16 5 16 4 17 4 17 4 17 4 17 4 16 4 17 4 16 5 16 5 15 5 16 6 15 6 15 6 14 7 0 0 0 0 0 0 0 0 0 0 0 0 0 0 0 0 0 0 0 0 0 0 17 13 16 14 15 15 14 16 14 17 13 18 12 19 12 20 11 20 10 20 10 21 10 21 9 20 8 20 9 20 9 19 8 19 9 18 9 18 10 17 11 17 12 16 12 16 12 16 13 15 14 14 ]

CSI_DATA,AP,14:85:7F:82:8E:F8,-73,11,0,0,0,0,0,0,0,0,0,-96,0,6,0,15212925,0,222,0,0,15.3876,128,[-34 -32 13 0 9 25 6 24 9 28 7 24 7 23 6 21 6 19 8 18 6 15 5 14 4 12 6 12 4 10 8 10 8 8 5 5 5 6 6 3 6 3 6 4 5 2 6 3 5 3 6 3 7 3 0 0 0 0 0 0 0 0 0 0 0 0 0 0 0 0 0 0 0 0 0 0 6 21 4 21 4 24 3 23 3 23 3 25 1 26 0 25 1 30 -2 33 -3 36 -4 38 -8 37 -11 35 -10 30 -10 32 -8 25 -6 24 -6 23 -3 24 0 22 3 22 3 23 4 23 7 25 10 26 ]

CSI_DATA,AP,46:C6:EE:AC:4F:DC,-37,11,1,7,0,0,1,1,0,0,1,-96,1,6,0,15360159,0,116,0,0,15.5345,256,[116 -64 6 0 -16 14 -16 15 -14 15 -14 15 -12 16 -11 16 -10 17 -10 17 -8 17 -8 18 -8 18 -7 18 -7 18 -6 18 -6 18 -6 19 -6 18 -7 18 -7 18 -8 17 -8 16 -8 17 -8 16 -9 16 -11 15 0 0 0 0 0 0 0 0 0 0 0 0 0 0 0 0 0 0 0 0 0 0 -19 18 -21 16 -23 15 -24 14 -24 13 -25 12 -26 11 -27 11 -26 10 -27 9 -27 8 -26 7 -26 6 -26 6 -26 6 -25 6 -24 7 -23 8 -22 8 -22 9 -22 10 -21 10 -20 11 -19 12 -19 12 -18 13 ]

CSI_DATA,AP,46:C6:EE:AC:4F:DC,-37,11,1,7,0,0,1,1,0,0,1,-96,1,6,0,15373760,0,116,0,0,15.5481,256,[116 -64 6 0 18 -7 18 -8 18 -10 17 -10 17 -10 15 -12 15 -12 14 -12 13 -13 13 -14 12 -14 12 -14 12 -14 11 -15 11 -15 11 -14 12 -15 12 -15 12 -15 12 -14 12 -13 12 -13 12 -12 13 -13 14 -11 0 0 0 0 0 0 0 0 0 0 0 0 0 0 0 0 0 0 0 0 0 0 24 -8 25 -6 25 -4 26 -3 25 -2 26 -1 26 0 27 1 26 2 26 3 26 3 25 4 25 4 24 4 24 4 23 3 23 3 22 2 22 1 22 0 22 0 22 -2 21 -2 21 -3 20 -4 20 -5 ]

CSI_DATA,AP,46:C6:EE:AC:4F:DC,-37,11,1,7,0,0,1,1,0,0,1,-96,1,6,0,15412392,0,121,0,0,15.5867,256,[121 16 7 0 14 13 15 12 15 11 15 11 15 10 15 9 15 8 16 7 16 6 16 5 17 5 16 4 17 4 17 4 16 5 17 4 16 5 17 5 16 5 16 5 15 6 15 6 15 7 15 7 14 8 0 0 0 0 0 0 0 0 0 0 0 0 0 0 0 0 0 0 0 0 0 0 18 15 18 18 16 18 15 20 14 20 13 22 12 22 12 23 10 23 10 23 9 23 8 23 9 23 7 22 8 22 7 22 8 21 8 21 8 19 9 19 9 19 11 18 10 17 12 17 12 16 13 15 ]

CSI_DATA,AP,46:C6:EE:AC:4F:DC,-37,11,1,7,0,0,1,1,0,0,1,-96,1,6,0,15423821,0,121,0,0,15.5981,256,[121 16 7 0 -13 15 -12 15 -11 16 -11 16 -9 16 -8 16 -8 16 -7 17 -6 16 -5 17 -4 17 -4 17 -4 18 -3 17 -4 18 -4 17 -4 18 -4 18 -4 17 -5 17 -5 16 -5 16 -5 16 -7 16 -8 15 0 0 0 0 0 0 0 0 0 0 0 0 0 0 0 0 0 0 0 0 0 0 -16 19 -18 18 -19 16 -21 16 -20 14 -22 14 -23 14 -24 13 -23 12 -24 11 -25 10 -24 10 -23 9 -23 8 -24 9 -22 9 -22 10 -20 9 -20 10 -19 10 -19 11 -18 12 -17 12 -17 13 -16 14 -15 14 ]

CSI_DATA,AP,46:C6:EE:AC:4F:DC,-36,11,1,7,0,0,1,0,0,0,1,-96,0,6,0,15478834,0,102,0,0,15.6532,256,[102 -32 5 0 12 18 14 17 14 16 15 15 15 14 15 13 16 12 16 11 16 10 17 10 17 10 17 9 18 8 18 8 18 8 18 8 18 8 18 8 17 8 17 9 16 9 16 10 16 10 15 11 14 11 0 0 0 0 0 0 0 0 0 0 0 0 0 0 0 0 0 0 0 0 0 0 15 22 14 23 12 24 11 25 10 25 9 27 8 27 8 28 6 28 5 27 4 28 3 27 3 27 3 26 3 26 3 25 3 25 4 24 5 23 6 23 7 22 8 22 8 22 9 21 10 21 11 20 ]

CSI_DATA,AP,46:C6:EE:AC:4F:DC,-36,11,1,7,0,0,1,0,0,0,1,-96,0,6,0,15840519,0,94,0,0,16.0149,256,[94 96 5 0 9 18 9 17 10 17 11 16 11 15 12 14 12 13 12 13 13 13 13 12 14 12 14 11 14 11 15 11 14 11 15 11 14 11 15 12 14 12 13 12 13 12 12 13 12 13 11 13 10 14 0 0 0 0 0 0 0 0 0 0 0 0 0 0 0 0 0 0 0 0 0 0 10 21 8 21 7 22 5 22 4 23 4 24 2 24 2 25 1 24 0 24 -2 24 -1 24 -2 23 -2 22 -2 22 -1 22 0 21 0 21 1 20 2 20 3 20 4 21 4 20 5 20 6 19 7 19 ]

CSI_DATA,AP,46:C6:EE:AC:4F:DC,-36,11,1,7,0,0,1,1,0,0,1,-96,1,6,0,15862256,0,114,0,0,16.0365,256,[114 -96 6 0 11 -20 10 -21 9 -21 8 -21 7 -21 5 -20 5 -21 4 -21 3 -22 2 -22 2 -22 1 -21 1 -21 1 -23 1 -22 1 -22 1 -22 1 -22 2 -22 2 -21 2 -21 3 -21 4 -20 5 -21 6 -19 0 0 0 0 0 0 0 0 0 0 0 0 0 0 0 0 0 0 0 0 0 0 13 -23 16 -23 17 -21 18 -20 19 -19 20 -19 21 -18 23 -18 22 -17 23 -15 23 -15 23 -15 23 -13 22 -13 22 -14 21 -15 20 -14 20 -14 18 -15 18 -16 18 -16 16 -17 16 -18 16 -18 14 -19 13 -19 ]

CSI_DATA,AP,46:C6:EE:AC:4F:DC,-37,11,1,7,0,0,1,0,0,0,1,-96,0,6,0,15917380,0,94,0,0,16.0918,256,[94 96 5 0 6 -21 4 -21 4 -22 3 -22 1 -22 0 -21 0 -20 -1 -21 -2 -21 -3 -21 -3 -21 -4 -20 -4 -20 -4 -20 -5 -21 -4 -20 -4 -20 -4 -21 -3 -21 -3 -21 -2 -20 -2 -20 -2 -20 0 -20 1 -20 0 0 0 0 0 0 0 0 0 0 0 0 0 0 0 0 0 0 0 0 0 0 7 -25 10 -25 11 -24 13 -24 13 -22 15 -23 16 -22 17 -22 18 -21 18 -20 18 -20 18 -19 18 -19 17 -18 18 -19 17 -18 15 -18 15 -19 14 -18 13 -18 13 -20 12 -20 11 -20 10 -21 9 -21 8 -22 ]

CSI_DATA,AP,14:85:7F:82:8E:F8,-73,11,0,0,0,0,0,0,0,0,0,-96,0,6,0,19210500,0,222,0,0,19.3852,128,[-34 -32 13 0 10 -30 14 -28 11 -27 13 -24 11 -23 9 -21 9 -20 7 -21 7 -19 3 -21 4 -19 5 -17 2 -19 -1 -16 0 -13 2 -15 -3 -13 0 -12 -2 -8 -2 -9 -2 -8 -4 -8 -3 -8 -3 -9 -3 -7 0 0 0 0 0 0 0 0 0 0 0 0 0 0 0 0 0 0 0 0 0 0 7 -22 10 -21 13 -20 11 -21 10 -20 11 -21 13 -22 17 -22 20 -23 22 -24 26 -27 30 -26 32 -22 31 -21 28 -17 25 -18 21 -19 19 -17 19 -16 16 -22 11 -21 11 -21 10 -21 10 -24 11 -26 12 -28 ]

CSI_DATA,AP,14:85:7F:81:BF:55,-79,11,0,0,0,0,0,0,0,0,0,-96,0,6,0,19434817,0,222,0,0,19.6094,128,[-34 -32 13 0 8 -7 12 -3 13 3 15 5 14 9 10 13 11 14 10 15 12 13 16 16 19 9 17 10 19 12 22 11 23 5 25 5 24 8 21 5 21 0 13 1 22 0 22 -1 21 -2 22 -2 20 -3 0 0 0 0 0 0 0 0 0 0 0 0 0 0 0 0 0 0 0 0 0 0 -1 -6 -2 -8 -3 -10 1 -13 -4 -13 2 -13 0 -16 4 -17 9 -20 9 -26 11 -25 12 -27 12 -25 16 -26 11 -21 16 -26 12 -18 11 -20 7 -16 8 -14 5 -13 4 -13 -1 -10 1 -11 5 -14 5 -12 ]

CSI_DATA,AP,46:C6:EE:AC:4F:DC,-38,11,1,7,0,0,1,1,0,0,1,-96,1,6,0,19669750,0,110,0,0,19.8441,256,[110 96 6 0 8 16 9 16 9 15 11 15 10 14 11 12 11 13 11 11 12 11 13 10 13 10 13 9 14 9 13 9 14 9 14 8 14 9 14 9 13 9 13 9 13 10 12 10 12 10 12 10 11 11 0 0 0 0 0 0 0 0 0 0 0 0 0 0 0 0 0 0 0 0 0 0 10 20 8 22 7 22 5 23 4 23 3 23 3 24 1 24 1 24 0 24 0 24 -1 23 -1 23 -2 22 -2 22 -1 22 -1 21 0 21 1 20 2 20 2 20 3 19 3 20 6 19 6 18 6 18 ]

CSI_DATA,AP,14:85:7F:81:BF:55,-79,11,0,0,0,0,0,0,0,0,0,-96,0,6,0,21314674,0,222,0,0,21.4894,128,[-34 -32 13 0 -13 9 -14 9 -13 3 -10 -2 -19 -5 -17 -12 -10 -12 -16 -8 -18 -7 -17 -5 -17 0 -24 -1 -22 -3 -22 2 -16 10 -21 7 -21 8 -21 5 -24 10 -21 9 -20 10 -15 12 -20 13 -16 14 -16 13 0 0 0 0 0 0 0 0 0 0 0 0 0 0 0 0 0 0 0 0 0 0 -3 7 0 7 -8 12 -5 9 -1 13 -1 16 -6 20 -5 20 -7 23 -11 24 -12 30 -11 32 -16 28 -19 34 -18 26 -13 26 -12 21 -8 18 -15 15 -7 17 -7 16 -3 16 2 12 -2 15 3 15 0 15 ]

CSI_DATA,AP,46:C6:EE:AC:4F:DC,-39,11,1,7,0,0,1,1,0,0,1,-96,1,6,0,22345339,0,129,0,0,22.5197,256,[-127 -112 7 0 20 3 19 2 19 0 18 -1 18 -1 17 -2 17 -3 16 -3 16 -5 16 -7 16 -6 15 -7 16 -8 15 -9 14 -9 14 -8 15 -8 15 -9 15 -9 15 -8 14 -7 15 -8 14 -7 15 -6 15 -5 0 0 0 0 0 0 0 0 0 0 0 0 0 0 0 0 0 0 0 0 0 0 28 6 27 8 26 9 26 11 25 11 25 14 25 15 24 17 23 17 23 17 23 18 22 18 21 17 20 17 20 17 20 16 20 15 19 14 19 13 19 12 20 12 19 10 19 9 20 9 20 7 20 6 ]

CSI_DATA,AP,46:C6:EE:AC:4F:DC,-39,11,1,7,0,0,1,1,0,0,1,-96,1,6,0,22345459,0,114,0,0,22.5274,256,[114 -96 6 0 12 15 12 14 13 14 14 13 14 11 14 10 14 10 14 8 15 7 15 7 16 6 16 5 16 5 16 4 16 4 16 4 15 4 16 4 16 4 16 4 16 4 16 5 15 5 15 6 14 7 0 0 0 0 0 0 0 0 0 0 0 0 0 0 0 0 0 0 0 0 0 0 15 23 14 25 12 25 10 26 10 26 8 28 7 29 6 29 6 28 4 29 4 29 2 28 2 27 2 26 2 26 3 25 3 24 4 24 4 22 5 22 7 22 8 21 8 21 8 20 10 19 10 18 ]

CSI_DATA,AP,46:C6:EE:AC:4F:DC,-39,11,1,7,0,0,1,1,0,0,1,-96,1,6,0,22365213,0,129,0,0,22.5395,256,[-127 -112 7 0 12 -16 11 -16 10 -16 9 -17 8 -17 7 -16 6 -16 5 -17 4 -17 3 -17 2 -17 1 -17 1 -17 1 -17 0 -17 0 -17 1 -17 1 -19 1 -18 1 -17 1 -17 1 -18 2 -17 2 -17 4 -16 0 0 0 0 0 0 0 0 0 0 0 0 0 0 0 0 0 0 0 0 0 0 18 -22 21 -20 22 -18 23 -18 24 -16 24 -16 26 -15 27 -14 26 -12 26 -11 26 -11 26 -11 26 -9 25 -9 25 -9 24 -10 23 -10 22 -10 21 -11 20 -11 20 -12 19 -12 18 -14 18 -14 16 -14 16 -16 ]

CSI_DATA,AP,46:C6:EE:AC:4F:DC,-39,11,1,7,0,0,1,1,0,0,1,-96,1,6,0,22365333,0,114,0,0,22.5474,256,[114 -96 6 0 13 17 13 16 14 15 14 13 15 13 15 11 16 10 16 9 17 8 16 7 17 6 17 6 17 5 18 5 18 5 18 5 18 4 18 4 18 4 17 5 17 5 18 5 17 6 17 6 16 7 0 0 0 0 0 0 0 0 0 0 0 0 0 0 0 0 0 0 0 0 0 0 17 25 14 27 13 28 11 29 10 29 9 29 8 31 7 32 5 31 4 31 3 31 3 30 2 29 2 28 2 28 3 28 3 27 4 26 5 24 6 24 7 24 8 23 9 23 9 21 10 21 11 19 ]

CSI_DATA,AP,46:C6:EE:AC:4F:DC,-40,11,1,7,0,0,1,1,0,0,1,-96,1,6,0,22394456,0,129,0,0,22.5687,256,[-127 -112 7 0 -9 -19 -10 -17 -10 -17 -11 -16 -11 -15 -12 -14 -12 -13 -13 -12 -13 -11 -14 -10 -14 -10 -14 -9 -15 -8 -15 -8 -15 -8 -15 -8 -15 -8 -15 -8 -15 -8 -15 -8 -15 -8 -15 -8 -14 -8 -14 -9 -13 -10 0 0 0 0 0 0 0 0 0 0 0 0 0 0 0 0 0 0 0 0 0 0 -13 -26 -10 -27 -8 -28 -7 -29 -6 -29 -5 -29 -3 -30 -2 -31 -1 -30 0 -30 1 -29 1 -29 1 -28 2 -27 1 -27 1 -27 0 -25 0 -25 -1 -24 -2 -24 -3 -23 -3 -23 -4 -23 -5 -22 -6 -21 -7 -21 ]

CSI_DATA,AP,46:C6:EE:AC:4F:DC,-39,11,1,7,0,0,1,1,0,0,1,-96,1,6,0,22399154,0,114,0,0,22.577,256,[114 -96 6 0 -18 -14 -18 -13 -18 -12 -18 -11 -18 -10 -18 -8 -18 -7 -18 -6 -18 -5 -19 -4 -19 -3 -19 -3 -19 -2 -18 -2 -19 -1 -19 -1 -18 -1 -19 -1 -19 -1 -19 -1 -18 -2 -18 -2 -18 -3 -18 -3 -18 -4 0 0 0 0 0 0 0 0 0 0 0 0 0 0 0 0 0 0 0 0 0 0 -25 -20 -24 -22 -22 -23 -21 -25 -20 -25 -19 -27 -18 -28 -18 -29 -16 -29 -15 -29 -14 -30 -13 -30 -12 -29 -11 -28 -12 -28 -12 -27 -12 -26 -12 -25 -13 -24 -13 -22 -14 -22 -15 -21 -15 -20 -16 -20 -16 -19 -17 -17 ]

CSI_DATA,AP,46:C6:EE:AC:4F:DC,-39,11,1,7,0,0,1,1,0,0,1,-96,1,6,0,22414781,0,129,0,0,22.5891,256,[-127 -112 7 0 20 -4 19 -5 18 -5 17 -6 17 -7 16 -8 15 -9 14 -10 14 -10 13 -10 13 -11 12 -11 11 -12 11 -12 11 -13 11 -12 11 -13 11 -14 11 -14 11 -13 10 -12 11 -12 11 -12 12 -11 12 -11 0 0 0 0 0 0 0 0 0 0 0 0 0 0 0 0 0 0 0 0 0 0 28 -4 28 -1 29 0 28 2 28 4 28 4 29 5 28 6 28 7 27 8 26 9 26 10 26 10 24 9 25 9 24 9 23 8 22 7 22 6 22 5 23 4 23 3 22 2 22 1 21 1 21 -2 ]

CSI_DATA,AP,46:C6:EE:AC:4F:DC,-39,11,1,7,0,0,1,1,0,0,1,-96,1,6,0,22414902,0,114,0,0,22.5967,256,[114 -96 6 0 16 11 16 10 17 9 17 8 17 7 17 5 16 4 15 3 17 3 16 1 16 1 16 0 16 -1 16 -1 16 -1 16 -1 15 -2 16 -3 16 -1 15 -2 15 -1 16 -1 15 -1 16 -1 16 1 0 0 0 0 0 0 0 0 0 0 0 0 0 0 0 0 0 0 0 0 0 0 22 17 21 20 19 20 18 22 17 22 16 24 16 25 14 26 13 26 13 25 12 26 11 26 11 25 10 24 10 23 10 23 10 22 11 21 11 20 12 19 12 19 13 17 14 17 14 16 15 16 15 14 ]

CSI_DATA,AP,46:C6:EE:AC:4F:DC,-41,11,1,7,0,0,1,1,0,0,1,-96,1,6,0,23863154,0,114,0,0,24.0376,256,[114 -96 6 0 18 1 18 0 18 -1 17 -2 17 -3 16 -4 16 -5 15 -6 14 -7 14 -8 14 -9 13 -9 13 -10 13 -11 12 -11 13 -11 13 -11 13 -11 13 -11 13 -11 13 -10 13 -10 13 -10 14 -10 14 -8 0 0 0 0 0 0 0 0 0 0 0 0 0 0 0 0 0 0 0 0 0 0 27 6 27 8 27 10 26 11 25 13 25 14 25 15 24 16 24 17 23 18 22 18 21 18 20 18 19 17 20 17 19 16 19 15 19 13 19 12 19 12 19 10 20 9 19 9 20 7 19 6 19 5 ]

CSI_DATA,AP,14:85:7F:81:BF:55,-79,11,0,0,0,0,0,0,0,0,0,-96,0,6,0,24206684,0,222,0,0,24.3814,128,[-34 -32 13 0 -8 13 -8 14 -13 9 -13 3 -18 1 -18 -4 -17 -6 -16 -3 -22 -3 -19 -7 -21 0 -18 2 -23 2 -21 6 -21 11 -24 10 -25 11 -21 7 -20 9 -19 17 -16 17 -21 14 -20 15 -16 14 -17 16 0 0 0 0 0 0 0 0 0 0 0 0 0 0 0 0 0 0 0 0 0 0 4 3 3 7 -2 13 1 14 -2 13 -1 13 -1 17 -4 17 -7 27 -12 24 -11 27 -14 34 -16 35 -16 31 -15 29 -13 23 -10 27 -9 20 -10 21 -2 19 -4 19 -2 11 0 16 -3 13 1 17 2 16 ]

CSI_DATA,AP,60:F2:62:A9:EA:BB,-78,11,0,0,0,0,0,0,0,0,0,-96,0,6,0,25332058,0,91,0,0,25.5065,128,[91 -80 5 0 13 2 14 9 14 3 9 9 5 7 2 9 2 3 4 6 -1 6 -4 3 -13 -3 -8 -3 -18 -2 -18 1 -15 -9 -21 -7 -17 -15 -19 -15 -15 -9 -20 -20 -15 -16 -19 -15 -17 -12 -12 -21 -14 -15 0 0 0 0 0 0 0 0 0 0 0 0 0 0 0 0 0 0 0 0 0 0 4 12 -5 11 0 13 -1 17 3 16 -1 12 4 15 9 16 12 16 10 22 11 31 10 27 15 26 11 32 9 36 14 32 16 26 8 23 12 35 15 20 13 21 10 22 8 19 7 15 9 17 16 16 ]

CSI_DATA,AP,14:85:7F:81:BF:55,-78,11,0,0,0,0,0,0,0,0,0,-96,0,6,0,27270308,0,222,0,0,27.445,128,[-34 -32 13 0 1 11 1 14 -7 13 -8 10 -12 15 -14 14 -14 11 -15 12 -17 16 -16 18 -16 18 -14 15 -11 20 -11 23 -7 22 -9 24 -6 23 -3 23 -4 23 -1 21 1 19 -1 19 4 24 1 20 3 19 0 0 0 0 0 0 0 0 0 0 0 0 0 0 0 0 0 0 0 0 0 0 5 3 5 6 9 7 9 7 9 8 13 10 18 11 15 14 19 15 18 18 22 25 23 27 19 24 20 28 14 23 16 23 14 22 12 17 9 16 6 13 10 8 9 6 10 8 7 7 10 12 9 8 ]

CSI_DATA,AP,00:D4:9E:56:36:87,-79,11,0,0,0,0,0,0,0,0,0,-96,0,6,0,27950086,0,156,0,0,28.1246,128,[-100 -64 9 0 -7 -29 -10 -33 -10 -33 -7 -33 -10 -35 -7 -36 -12 -38 -9 -33 -8 -34 -9 -36 -11 -33 -12 -33 -10 -29 -14 -20 -18 -20 -12 -18 -14 -14 -18 -16 -18 -17 -15 -16 -17 -17 -14 -20 -9 -13 -15 -14 -9 -14 0 0 0 0 0 0 0 0 0 0 0 0 0 0 0 0 0 0 0 0 0 0 14 7 14 8 13 14 15 9 15 16 21 10 11 12 20 13 19 11 19 15 21 11 22 14 22 12 25 17 19 15 16 16 11 11 4 7 4 8 1 5 3 0 -1 -8 -4 -11 -4 -9 -8 -16 -6 -23 ]

CSI_DATA,AP,14:85:7F:82:8E:F8,-74,11,0,0,0,0,0,0,0,0,0,-96,0,6,0,28435012,0,222,0,0,28.6097,128,[-34 -32 13 0 -22 -16 -17 -13 -19 -15 -18 -11 -17 -12 -17 -11 -15 -11 -15 -9 -16 -10 -18 -8 -13 -6 -14 -7 -12 -5 -11 -5 -9 -4 -8 0 -9 -1 -9 -1 -7 0 -7 2 -5 3 -7 3 -9 4 -7 1 -6 0 0 0 0 0 0 0 0 0 0 0 0 0 0 0 0 0 0 0 0 0 0 0 -15 -10 -15 -13 -14 -11 -15 -15 -13 -13 -16 -15 -17 -16 -14 -18 -15 -21 -13 -24 -14 -29 -15 -33 -11 -31 -9 -28 -8 -25 -7 -25 -8 -23 -8 -18 -9 -17 -12 -16 -13 -14 -15 -12 -16 -14 -19 -14 -19 -11 -22 -13 ]

CSI_DATA,AP,14:85:7F:81:BF:55,-78,11,0,0,0,0,0,0,0,0,0,-96,0,6,0,30207077,0,222,0,0,30.3817,128,[-34 -32 13 0 -5 11 -8 13 -12 11 -13 13 -17 8 -22 10 -18 10 -22 10 -20 10 -22 8 -20 10 -16 16 -18 15 -18 21 -11 20 -11 20 -11 21 -9 20 -5 19 -3 20 -6 23 -3 22 -3 20 -3 23 -5 20 0 0 0 0 0 0 0 0 0 0 0 0 0 0 0 0 0 0 0 0 0 0 9 6 9 8 6 10 8 8 6 12 14 13 13 15 12 17 14 22 15 25 14 25 19 29 13 31 9 26 8 23 9 25 11 19 5 17 10 16 8 15 7 9 9 11 9 9 9 12 10 9 5 9 ]

CSI_DATA,AP,46:C6:EE:AC:4F:DC,-46,11,1,7,0,0,1,1,0,0,1,-96,1,6,0,32386000,0,116,0,0,32.5604,256,[116 -64 6 0 16 7 17 6 17 5 17 3 17 2 17 0 17 -1 17 -2 18 -3 18 -4 19 -5 19 -5 19 -6 20 -6 21 -6 21 -6 21 -5 22 -5 22 -4 21 -4 21 -3 21 -2 21 -1 21 -1 21 1 0 0 0 0 0 0 0 0 0 0 0 0 0 0 0 0 0 0 0 0 0 0 21 24 19 26 16 26 15 27 13 27 13 27 11 28 11 29 9 28 9 28 8 27 7 26 7 25 7 24 7 23 7 22 7 21 8 19 9 18 10 17 11 16 12 15 13 14 13 13 14 11 15 10 ]

CSI_DATA,AP,46:C6:EE:AC:4F:DC,-45,11,1,7,0,0,1,1,0,0,1,-96,1,6,0,32398424,0,116,0,0,32.5727,256,[116 -64 6 0 -18 -3 -18 -1 -18 -1 -18 0 -17 2 -17 3 -17 4 -17 5 -17 6 -17 8 -17 8 -17 9 -17 10 -17 10 -18 11 -19 10 -18 10 -19 10 -19 9 -19 8 -19 7 -20 7 -19 6 -20 6 -20 4 0 0 0 0 0 0 0 0 0 0 0 0 0 0 0 0 0 0 0 0 0 0 -25 -18 -23 -20 -22 -21 -21 -22 -20 -22 -19 -23 -18 -24 -17 -24 -16 -24 -15 -24 -14 -24 -14 -23 -13 -22 -12 -21 -13 -20 -13 -19 -13 -17 -13 -16 -14 -15 -14 -14 -15 -13 -16 -11 -16 -10 -17 -9 -17 -7 -17 -6 ]

CSI_DATA,AP,46:C6:EE:AC:4F:DC,-46,11,1,7,0,0,1,1,0,0,1,-96,1,6,0,32430681,0,121,0,0,32.605,256,[121 16 7 0 -13 14 -11 15 -10 16 -9 16 -8 16 -6 17 -5 17 -4 18 -3 19 -2 19 -2 20 -1 20 -1 21 0 21 -1 22 -1 22 -1 22 -2 23 -3 23 -4 22 -4 21 -5 21 -5 20 -7 21 -9 20 0 0 0 0 0 0 0 0 0 0 0 0 0 0 0 0 0 0 0 0 0 0 -30 12 -31 9 -31 7 -32 6 -31 4 -31 4 -31 3 -31 2 -30 1 -30 0 -29 -1 -28 -1 -27 -2 -26 -1 -25 -1 -24 0 -23 2 -22 2 -21 3 -20 5 -20 6 -19 7 -18 8 -17 9 -16 11 -15 12 ]

CSI_DATA,AP,46:C6:EE:AC:4F:DC,-46,11,1,7,0,0,1,1,0,0,1,-96,1,6,0,32442271,0,121,0,0,32.6165,256,[121 16 7 0 10 -17 9 -17 7 -18 6 -18 5 -18 4 -18 3 -19 1 -19 0 -20 -1 -20 -1 -21 -2 -21 -3 -21 -3 -22 -3 -22 -2 -23 -2 -23 -1 -24 -1 -24 0 -23 0 -22 1 -23 1 -22 3 -23 5 -22 0 0 0 0 0 0 0 0 0 0 0 0 0 0 0 0 0 0 0 0 0 0 28 -16 28 -14 29 -12 30 -10 30 -9 29 -8 30 -7 30 -6 29 -5 29 -4 28 -3 27 -3 26 -2 25 -3 24 -3 23 -4 22 -5 21 -6 19 -7 19 -8 18 -9 17 -10 16 -11 15 -12 14 -13 13 -14 ]

CSI_DATA,AP,14:85:7F:81:BF:55,-78,11,0,0,0,0,0,0,0,0,0,-96,0,6,0,34434360,0,222,0,0,34.6091,128,[-34 -32 13 0 -26 5 -27 -1 -23 0 -26 -6 -22 -5 -22 -4 -19 -5 -16 -12 -16 -7 -13 -4 -16 -6 -14 -2 -15 -2 -14 -3 -15 0 -16 6 -11 2 -11 6 -9 8 -14 9 -11 11 -12 9 -12 13 -10 11 -10 13 0 0 0 0 0 0 0 0 0 0 0 0 0 0 0 0 0 0 0 0 0 0 -8 -2 -6 -2 -8 -4 -13 0 -13 0 -13 3 -14 1 -21 4 -18 2 -25 1 -28 3 -31 0 -37 0 -37 -3 -34 -3 -36 -3 -30 -1 -30 -4 -30 0 -30 4 -23 1 -24 6 -21 7 -24 9 -21 7 -22 7 ]

CSI_DATA,AP,14:85:7F:82:8E:F8,-74,11,0,0,0,0,0,0,0,0,0,-96,0,6,0,36213439,0,222,0,0,36.3881,128,[-34 -32 13 0 12 -22 15 -22 12 -21 9 -21 11 -18 8 -20 9 -17 4 -17 3 -13 0 -15 2 -15 -1 -15 -5 -15 -5 -12 -6 -12 -7 -14 -6 -13 -6 -11 -5 -12 -5 -13 -6 -12 -5 -13 -4 -14 -4 -11 -3 -11 0 0 0 0 0 0 0 0 0 0 0 0 0 0 0 0 0 0 0 0 0 0 18 -16 19 -15 21 -14 21 -16 20 -12 19 -10 22 -15 24 -12 31 -10 30 -9 34 -11 40 -8 39 -5 38 -4 31 -3 31 -2 27 -3 21 -2 21 -8 19 -7 19 -11 18 -10 13 -11 14 -15 12 -18 12 -18 ]

CSI_DATA,AP,46:C6:EE:AC:4F:DC,-49,11,1,7,0,0,1,1,0,0,1,-96,1,6,0,37346406,0,110,0,0,37.5208,256,[110 96 6 0 -19 4 -20 5 -20 6 -20 6 -20 8 -19 9 -19 9 -20 10 -20 11 -20 12 -21 13 -21 13 -22 13 -22 13 -22 13 -23 12 -23 11 -24 11 -23 10 -23 9 -22 7 -23 6 -22 5 -22 4 -22 3 0 0 0 0 0 0 0 0 0 0 0 0 0 0 0 0 0 0 0 0 0 0 -11 -27 -9 -27 -7 -26 -7 -26 -5 -25 -5 -25 -4 -25 -3 -24 -2 -22 -2 -21 -2 -20 -2 -19 -3 -17 -3 -16 -4 -15 -5 -13 -6 -11 -7 -10 -8 -8 -9 -7 -11 -6 -12 -4 -13 -3 -14 -1 -15 0 -16 1 ]

CSI_DATA,AP,46:C6:EE:AC:4F:DC,-46,11,1,7,0,0,1,1,0,0,1,-96,1,6,0,38548554,0,129,0,0,38.723,256,[-127 -112 7 0 20 0 20 -1 20 -2 21 -2 21 -3 21 -4 21 -5 22 -6 22 -7 23 -7 23 -8 23 -8 24 -8 24 -8 25 -7 25 -6 25 -5 25 -4 25 -3 24 -3 23 -1 24 0 23 1 23 3 22 4 0 0 0 0 0 0 0 0 0 0 0 0 0 0 0 0 0 0 0 0 0 0 12 21 11 22 9 22 8 22 7 21 7 22 6 22 6 22 5 21 5 20 4 19 4 18 4 17 5 16 6 15 6 14 7 13 8 11 9 11 10 10 12 9 13 7 13 6 15 5 16 4 17 3 ]

CSI_DATA,AP,46:C6:EE:AC:4F:DC,-46,11,1,7,0,0,1,1,0,0,1,-96,1,6,0,38548681,0,114,0,0,38.7306,256,[114 -96 6 0 17 8 18 8 19 7 20 7 20 6 21 5 22 4 22 4 23 4 23 3 24 3 24 3 25 3 24 4 25 5 25 5 24 6 24 7 24 8 23 8 21 9 21 10 20 11 19 12 17 13 0 0 0 0 0 0 0 0 0 0 0 0 0 0 0 0 0 0 0 0 0 0 2 25 0 25 -1 23 -2 24 -3 22 -4 23 -4 23 -4 22 -5 21 -5 20 -5 20 -4 19 -4 17 -3 16 -2 16 -1 15 0 15 2 14 3 13 5 13 7 13 8 12 9 12 11 11 12 10 14 10 ]

CSI_DATA,AP,46:C6:EE:AC:4F:DC,-46,11,1,7,0,0,1,1,0,0,1,-96,1,6,0,38568499,0,114,0,0,38.7428,256,[114 -96 6 0 -7 -19 -8 -20 -9 -20 -10 -20 -11 -20 -12 -19 -13 -19 -14 -19 -14 -20 -15 -20 -16 -20 -16 -20 -16 -21 -16 -21 -16 -22 -15 -22 -14 -23 -14 -24 -13 -23 -12 -23 -11 -23 -10 -23 -8 -23 -7 -23 -5 -23 0 0 0 0 0 0 0 0 0 0 0 0 0 0 0 0 0 0 0 0 0 0 16 -21 17 -20 17 -18 18 -17 18 -16 19 -16 18 -15 19 -15 18 -14 18 -13 17 -12 16 -12 15 -12 14 -11 13 -12 11 -12 10 -13 8 -13 7 -14 5 -14 4 -15 3 -15 1 -16 0 -17 -2 -17 -3 -18 ]

CSI_DATA,AP,46:C6:EE:AC:4F:DC,-46,11,1,7,0,0,1,1,0,0,1,-96,1,6,0,38568623,0,129,0,0,38.7511,256,[-127 -112 7 0 4 -18 4 -19 3 -20 3 -20 2 -21 1 -20 0 -21 -1 -22 -1 -22 -2 -24 -2 -24 -3 -23 -2 -24 -2 -24 -2 -25 -1 -24 0 -25 1 -25 2 -25 2 -23 3 -23 3 -22 5 -22 6 -21 8 -20 0 0 0 0 0 0 0 0 0 0 0 0 0 0 0 0 0 0 0 0 0 0 22 -7 23 -5 22 -4 23 -3 22 -2 22 -2 21 -1 22 -1 21 0 20 0 19 0 18 0 17 0 16 -1 16 -2 14 -3 14 -4 13 -5 13 -6 11 -7 11 -9 10 -10 9 -11 8 -13 7 -14 7 -15 ]

CSI_DATA,AP,46:C6:EE:AC:4F:DC,-46,11,1,7,0,0,1,1,0,0,1,-96,1,6,0,38601814,0,129,0,0,38.7761,256,[-127 -112 7 0 18 8 19 7 20 6 21 6 22 5 22 4 23 3 23 3 24 2 25 1 26 1 25 1 26 1 26 2 27 3 27 3 26 4 26 5 25 6 24 7 23 7 23 8 22 9 22 11 20 12 0 0 0 0 0 0 0 0 0 0 0 0 0 0 0 0 0 0 0 0 0 0 5 26 3 26 2 25 0 25 0 24 -1 25 -1 25 -2 25 -2 23 -2 22 -3 22 -2 21 -2 20 -1 18 0 18 1 17 2 16 3 15 5 14 6 14 8 14 10 13 11 12 12 11 14 10 15 10 ]

CSI_DATA,AP,46:C6:EE:AC:4F:DC,-46,11,1,7,0,0,1,1,0,0,1,-96,1,6,0,38601941,0,114,0,0,38.7834,256,[114 -96 6 0 13 14 15 13 16 13 17 13 18 12 18 12 19 11 20 11 20 11 22 10 22 11 22 10 22 11 23 12 23 12 23 13 22 14 21 15 20 15 19 16 18 16 17 16 16 17 15 18 13 18 0 0 0 0 0 0 0 0 0 0 0 0 0 0 0 0 0 0 0 0 0 0 -4 25 -5 26 -7 24 -8 23 -8 22 -9 23 -10 22 -10 22 -10 20 -10 19 -10 19 -9 18 -9 17 -7 16 -6 16 -5 16 -4 16 -2 15 -1 15 1 15 2 15 4 15 5 15 7 14 9 14 10 14 ]

CSI_DATA,AP,46:C6:EE:AC:4F:DC,-46,11,1,7,0,0,1,1,0,0,1,-96,1,6,0,38620849,0,114,0,0,38.7952,256,[114 -96 6 0 -20 -2 -21 -1 -21 0 -22 1 -22 2 -22 3 -22 3 -23 4 -23 5 -24 5 -25 6 -24 6 -25 6 -25 6 -26 5 -26 5 -26 4 -26 2 -25 2 -25 1 -24 0 -24 -1 -24 -2 -23 -3 -22 -5 0 0 0 0 0 0 0 0 0 0 0 0 0 0 0 0 0 0 0 0 0 0 -14 -23 -12 -24 -10 -23 -9 -24 -8 -23 -8 -24 -7 -23 -7 -23 -6 -23 -6 -21 -5 -21 -5 -20 -5 -19 -6 -18 -7 -17 -7 -16 -8 -15 -8 -14 -10 -12 -11 -11 -12 -11 -13 -9 -14 -8 -15 -7 -17 -6 -17 -5 ]

CSI_DATA,AP,46:C6:EE:AC:4F:DC,-46,11,1,7,0,0,1,1,0,0,1,-96,1,6,0,38620973,0,129,0,0,38.8033,256,[-127 -112 7 0 -16 -13 -16 -13 -17 -13 -18 -12 -19 -11 -20 -10 -20 -10 -21 -10 -22 -10 -23 -10 -24 -10 -23 -10 -24 -10 -24 -11 -24 -11 -24 -12 -23 -12 -23 -13 -22 -14 -21 -14 -20 -14 -20 -15 -18 -16 -17 -17 -15 -18 0 0 0 0 0 0 0 0 0 0 0 0 0 0 0 0 0 0 0 0 0 0 2 -26 4 -26 5 -25 6 -24 7 -23 7 -23 8 -23 8 -23 8 -21 8 -20 8 -20 8 -19 7 -18 6 -17 5 -17 3 -17 2 -16 1 -16 -1 -15 -3 -15 -4 -15 -6 -15 -7 -15 -8 -15 -10 -14 -11 -14 ]

CSI_DATA,AP,14:85:7F:81:BF:55,-79,11,0,0,0,0,0,0,0,0,0,-96,0,6,0,40209497,0,222,0,0,40.3842,128,[-34 -32 13 0 7 -32 10 -29 11 -19 17 -22 16 -23 20 -20 19 -16 13 -11 9 -12 9 -14 13 -11 13 -12 7 -9 2 -13 5 -12 3 -11 3 -10 -3 -15 -3 -17 -4 -14 -4 -17 -2 -19 -6 -19 -6 -15 -7 -16 0 0 0 0 0 0 0 0 0 0 0 0 0 0 0 0 0 0 0 0 0 0 0 -3 2 -7 2 -8 5 -11 6 -11 6 -9 7 -15 11 -15 14 -19 22 -24 20 -24 29 -27 29 -22 31 -27 30 -22 32 -28 27 -24 24 -26 24 -26 20 -28 19 -27 15 -25 10 -25 6 -29 7 -29 7 -27 ]

CSI_DATA,AP,14:85:7F:82:8E:F8,-73,11,0,0,0,0,0,0,0,0,0,-96,0,6,0,40215364,0,222,0,0,40.3923,128,[-34 -32 13 0 7 -20 8 -21 8 -17 9 -19 9 -16 6 -17 4 -16 1 -16 3 -13 0 -13 -1 -16 -1 -16 -4 -13 -4 -15 -7 -12 -8 -13 -6 -9 -7 -12 -5 -8 -5 -8 -6 -9 -5 -9 -5 -11 -4 -9 -5 -8 0 0 0 0 0 0 0 0 0 0 0 0 0 0 0 0 0 0 0 0 0 0 19 -13 20 -12 20 -12 21 -11 21 -10 21 -11 24 -10 25 -9 28 -9 30 -11 35 -12 37 -7 37 -5 35 -4 30 -4 30 -5 28 -2 21 -3 20 -5 19 -6 18 -7 15 -10 14 -11 12 -15 12 -16 12 -15 ]

CSI_DATA,AP,14:85:7F:82:8E:F8,-73,11,0,0,0,0,0,0,0,0,0,-96,0,6,0,43212632,0,222,0,0,43.3873,128,[-34 -32 13 0 -10 -21 -12 -22 -9 -22 -11 -20 -10 -18 -12 -18 -10 -14 -12 -12 -12 -14 -14 -10 -9 -11 -12 -9 -12 -8 -12 -6 -13 -4 -10 -1 -11 -4 -11 -4 -9 1 -11 1 -9 -2 -12 -1 -10 -1 -8 -2 -10 -2 0 0 0 0 0 0 0 0 0 0 0 0 0 0 0 0 0 0 0 0 0 0 -6 -23 -1 -24 -3 -23 -2 -25 -2 -23 -1 -26 -1 -27 -1 -27 0 -34 6 -35 7 -39 11 -43 11 -39 13 -37 12 -35 11 -34 10 -31 10 -27 6 -26 7 -22 2 -23 1 -23 -3 -23 -3 -23 -5 -23 -7 -22 ]

CSI_DATA,AP,14:85:7F:82:8E:F8,-74,11,0,0,0,0,0,0,0,0,0,-96,0,6,0,45212002,0,222,0,0,45.3867,128,[-34 -32 13 0 16 -20 16 -18 13 -16 15 -15 13 -16 11 -13 10 -12 6 -12 6 -11 6 -10 2 -11 0 -9 -3 -11 -2 -7 -6 -8 -3 -9 -6 -8 -6 -8 -8 -8 -7 -9 -7 -10 -8 -9 -9 -11 -7 -7 -4 -10 0 0 0 0 0 0 0 0 0 0 0 0 0 0 0 0 0 0 0 0 0 0 19 -7 20 -4 22 -4 23 -5 23 -2 24 -3 27 -2 26 0 29 1 31 1 33 5 35 8 35 9 33 9 28 9 27 9 22 8 18 5 19 1 19 -2 15 -6 15 -7 12 -8 15 -12 17 -13 14 -15 ]

CSI_DATA,AP,60:F2:62:A9:EA:BB,-76,11,0,0,0,0,0,0,0,0,0,-96,0,6,0,46500020,0,91,0,0,46.6745,128,[91 -80 5 0 7 -16 4 -9 1 -12 0 -7 -1 -11 6 -12 6 -7 5 -3 1 -8 8 -4 11 -4 14 -1 17 1 14 2 12 10 14 5 13 10 10 11 10 12 11 11 10 9 13 10 14 10 10 14 12 12 0 0 0 0 0 0 0 0 0 0 0 0 0 0 0 0 0 0 0 0 0 0 15 2 9 -5 15 1 15 -5 16 -3 14 -7 13 -4 14 -12 20 -12 20 -10 21 -18 23 -15 19 -21 23 -20 20 -23 24 -23 21 -24 14 -24 17 -18 16 -22 20 -23 15 -17 10 -17 10 -22 13 -21 11 -15 ]

CSI_DATA,AP,14:85:7F:81:BF:55,-80,11,0,0,0,0,0,0,0,0,0,-96,0,6,0,47205551,0,222,0,0,47.3802,128,[-34 -32 13 0 -18 3 -15 9 -17 -4 -17 0 -14 -7 -10 -11 -8 -12 -8 -17 -13 -12 -11 -13 -7 -7 -12 -5 -16 -12 -11 -9 -11 -3 -11 -2 -14 0 -9 3 -12 2 -12 2 -11 7 -13 9 -11 15 -11 10 -12 11 0 0 0 0 0 0 0 0 0 0 0 0 0 0 0 0 0 0 0 0 0 0 1 0 -6 4 -6 3 -11 6 -15 5 -15 8 -18 2 -18 5 -23 7 -28 4 -37 10 -38 7 -40 7 -42 5 -40 0 -39 0 -34 2 -34 4 -28 4 -26 1 -27 6 -21 4 -20 7 -19 6 -15 12 -11 12 ]

CSI_DATA,AP,14:85:7F:81:BF:55,-78,11,0,0,0,0,0,0,0,0,0,-96,0,6,0,50207973,0,222,0,0,50.3826,128,[-34 -32 13 0 -29 6 -29 -2 -23 -5 -22 -5 -17 -7 -18 -8 -15 -4 -11 -7 -8 -4 -13 -11 -11 -9 -10 -10 -14 -9 -12 -7 -9 -11 -12 1 -14 -4 -11 -4 -10 -1 -12 -1 -14 2 -12 0 -15 3 -14 7 -12 6 0 0 0 0 0 0 0 0 0 0 0 0 0 0 0 0 0 0 0 0 0 0 -6 1 -6 -2 -10 -1 -12 0 -13 -3 -18 0 -15 -7 -19 -5 -24 -5 -28 -7 -34 -7 -37 -12 -41 -11 -41 -14 -40 -11 -41 -12 -37 -13 -34 -12 -31 -10 -32 -10 -30 -5 -30 1 -28 -2 -30 5 -31 3 -30 3 ]

CSI_DATA,AP,14:85:7F:81:BF:55,-78,11,0,0,0,0,0,0,0,0,0,-96,0,6,0,53220522,0,222,0,0,53.3952,128,[-34 -32 13 0 -8 -22 -2 -26 -1 -24 -3 -23 7 -26 7 -21 10 -23 5 -18 7 -22 6 -18 6 -19 7 -19 9 -16 2 -19 2 -18 4 -20 -1 -20 0 -19 -4 -17 -9 -19 -10 -17 -12 -20 -14 -16 -12 -15 -10 -20 0 0 0 0 0 0 0 0 0 0 0 0 0 0 0 0 0 0 0 0 0 0 -4 3 -1 1 -1 0 -1 -6 -4 -1 -5 -12 0 -16 -6 -15 -4 -20 0 -25 -1 -26 0 -30 1 -35 4 -38 3 -36 7 -36 1 -35 -5 -34 4 -32 5 -31 -1 -24 -6 -27 -4 -24 -9 -24 -8 -28 -15 -26 ]

CSI_DATA,AP,14:85:7F:82:8E:F8,-72,11,0,0,0,0,0,0,0,0,0,-96,0,6,0,53436521,0,222,0,0,53.6111,128,[-34 -32 13 0 25 -11 27 -10 24 -8 23 -8 22 -8 21 -10 20 -9 19 -10 20 -10 16 -11 16 -10 17 -12 16 -12 16 -10 14 -9 13 -9 13 -8 11 -9 10 -6 8 -7 8 -7 9 -5 7 -6 9 -5 6 -3 0 0 0 0 0 0 0 0 0 0 0 0 0 0 0 0 0 0 0 0 0 0 17 -7 17 -6 19 -5 20 -5 20 -3 20 -3 22 -3 20 0 25 0 28 2 32 4 31 4 33 6 30 5 25 5 26 6 21 4 21 3 21 3 23 -1 20 -4 23 -4 20 -7 24 -7 21 -10 24 -7 ]

CSI_DATA,AP,14:85:7F:81:BF:55,-78,11,0,0,0,0,0,0,0,0,0,-96,0,6,0,58207341,0,222,0,0,58.382,128,[-34 -32 13 0 21 10 21 14 21 16 17 19 19 18 16 18 14 21 13 21 15 22 13 16 12 16 15 17 15 13 17 12 17 8 21 0 17 6 18 4 17 -1 25 -3 23 -4 22 0 21 -7 21 -4 22 -4 0 0 0 0 0 0 0 0 0 0 0 0 0 0 0 0 0 0 0 0 0 0 -1 0 0 1 3 -2 5 -3 6 1 8 4 13 1 13 2 16 5 19 9 29 11 25 17 27 17 30 18 26 19 30 21 24 16 24 17 24 17 24 12 21 16 21 12 22 7 25 5 26 9 25 10 ]

CSI_DATA,AP,14:85:7F:81:BF:55,-77,11,0,0,0,0,0,0,0,0,0,-96,0,6,0,62209268,0,222,0,0,62.3839,128,[-34 -32 13 0 6 -29 9 -29 13 -29 18 -26 20 -28 20 -26 20 -23 17 -27 19 -23 17 -23 13 -23 12 -23 13 -24 8 -24 3 -25 0 -24 -2 -22 -2 -19 -3 -20 -7 -21 -6 -20 -13 -23 -10 -21 -11 -21 -12 -20 0 0 0 0 0 0 0 0 0 0 0 0 0 0 0 0 0 0 0 0 0 0 2 -2 -1 -4 -1 -1 0 -1 0 -5 -2 -7 -2 -10 -4 -10 -1 -13 0 -16 -6 -19 -1 -24 -3 -24 1 -25 2 -24 3 -27 2 -24 2 -23 2 -23 4 -22 4 -23 0 -21 -3 -23 1 -24 -2 -18 2 -23 ]

CSI_DATA,AP,14:85:7F:82:8E:F8,-72,11,0,0,0,0,0,0,0,0,0,-96,0,6,0,62435163,0,222,0,0,62.6098,128,[-34 -32 13 0 6 26 5 27 5 25 4 22 5 26 2 21 7 22 4 20 5 20 6 19 7 20 11 20 6 19 8 19 5 17 7 15 2 14 4 14 3 13 4 13 3 11 2 10 1 10 3 10 3 9 0 0 0 0 0 0 0 0 0 0 0 0 0 0 0 0 0 0 0 0 0 0 5 18 2 18 0 19 0 21 1 20 -1 17 0 22 -1 17 -3 25 -5 26 -5 28 -10 32 -10 29 -12 25 -13 24 -8 23 -7 22 -8 18 -8 21 -4 19 -2 18 0 25 1 21 2 23 8 25 9 25 ]

CSI_DATA,AP,14:85:7F:82:8E:F8,-73,11,0,0,0,0,0,0,0,0,0,-96,0,6,0,64262179,0,222,0,0,64.4368,128,[-34 -32 13 0 -25 12 -23 15 -23 13 -22 13 -22 11 -21 15 -21 14 -20 12 -19 12 -19 11 -16 14 -17 13 -18 16 -15 13 -14 11 -12 13 -10 11 -10 9 -9 6 -7 8 -10 10 -7 9 -8 7 -7 5 -6 5 0 0 0 0 0 0 0 0 0 0 0 0 0 0 0 0 0 0 0 0 0 0 -19 10 -17 9 -21 7 -22 9 -22 7 -21 5 -24 5 -24 5 -26 5 -31 6 -33 3 -37 3 -38 1 -39 -2 -32 -2 -34 -2 -29 -1 -25 -3 -26 1 -26 3 -25 5 -26 5 -20 6 -21 7 -22 10 -22 10 ]

CSI_DATA,AP,14:85:7F:82:8E:F8,-72,11,0,0,0,0,0,0,0,0,0,-96,0,6,0,66207579,0,222,0,0,66.3822,128,[-34 -32 13 0 -16 -22 -17 -22 -15 -23 -16 -22 -16 -21 -13 -21 -16 -20 -18 -22 -16 -19 -16 -19 -16 -16 -17 -17 -17 -15 -18 -17 -17 -17 -12 -13 -13 -13 -10 -11 -9 -11 -11 -13 -7 -9 -9 -10 -8 -9 -8 -10 -5 -7 0 0 0 0 0 0 0 0 0 0 0 0 0 0 0 0 0 0 0 0 0 0 -11 -19 -8 -18 -7 -22 -8 -21 -8 -20 -8 -22 -7 -25 -5 -24 -6 -25 -6 -29 -3 -35 -2 -37 1 -35 4 -33 5 -29 0 -30 2 -27 -1 -24 -3 -24 -2 -23 -5 -20 -5 -21 -8 -22 -11 -18 -13 -22 -17 -21 ]

CSI_DATA,AP,46:C6:EE:AC:4F:DC,-44,11,1,7,0,0,1,1,0,0,1,-96,1,6,0,66343149,0,116,0,0,66.5175,256,[116 -64 6 0 17 -11 17 -11 16 -12 16 -13 15 -14 14 -15 14 -16 13 -17 13 -18 13 -19 13 -19 13 -19 13 -20 13 -21 13 -21 14 -20 14 -20 15 -21 15 -20 16 -19 16 -18 17 -17 17 -16 19 -15 20 -13 0 0 0 0 0 0 0 0 0 0 0 0 0 0 0 0 0 0 0 0 0 0 27 -1 27 1 26 3 27 4 26 5 26 6 26 6 26 7 25 8 24 9 24 9 23 9 22 9 21 8 21 7 21 6 21 5 19 4 20 3 19 1 20 0 20 -2 19 -3 19 -4 19 -5 19 -7 ]

CSI_DATA,AP,46:C6:EE:AC:4F:DC,-44,11,1,7,0,0,1,1,0,0,1,-96,1,6,0,66364492,0,116,0,0,66.5389,256,[116 -64 6 0 -4 -18 -5 -18 -5 -18 -7 -17 -7 -17 -8 -17 -9 -17 -10 -16 -11 -17 -12 -17 -12 -16 -13 -16 -13 -16 -13 -17 -13 -17 -13 -17 -12 -18 -12 -18 -11 -19 -11 -19 -10 -18 -10 -19 -8 -19 -7 -20 -6 -20 0 0 0 0 0 0 0 0 0 0 0 0 0 0 0 0 0 0 0 0 0 0 5 -23 7 -23 8 -22 10 -22 10 -20 11 -21 12 -21 12 -21 13 -19 13 -19 13 -19 13 -18 12 -17 12 -16 11 -17 10 -17 9 -16 8 -16 7 -16 6 -16 5 -17 4 -17 3 -18 2 -18 0 -18 -1 -18 ]

CSI_DATA,AP,46:C6:EE:AC:4F:DC,-41,11,1,7,0,0,1,1,0,0,1,-96,1,6,0,66403253,0,121,0,0,66.5776,256,[121 16 7 0 16 11 16 10 17 10 18 9 18 9 18 7 18 7 19 6 20 6 20 5 20 5 20 4 21 4 21 5 21 5 21 5 21 6 21 7 20 7 19 8 19 8 19 9 18 9 17 10 16 11 0 0 0 0 0 0 0 0 0 0 0 0 0 0 0 0 0 0 0 0 0 0 15 17 13 18 12 19 11 20 10 20 10 21 9 22 8 22 8 22 7 22 7 22 6 21 6 21 6 20 6 20 6 20 7 19 7 18 8 17 9 17 10 17 11 16 12 15 13 15 14 14 14 13 ]

CSI_DATA,AP,46:C6:EE:AC:4F:DC,-41,11,1,7,0,0,1,1,0,0,1,-96,1,6,0,66414590,0,121,0,0,66.5889,256,[121 16 7 0 -11 -20 -12 -20 -12 -19 -13 -18 -14 -18 -14 -17 -15 -17 -16 -17 -17 -16 -17 -16 -18 -16 -18 -15 -19 -16 -18 -16 -18 -17 -18 -17 -17 -17 -17 -18 -16 -18 -15 -18 -14 -19 -14 -19 -13 -19 -12 -20 -10 -20 0 0 0 0 0 0 0 0 0 0 0 0 0 0 0 0 0 0 0 0 0 0 -8 -23 -6 -24 -4 -24 -3 -24 -2 -24 -2 -25 -1 -25 0 -26 1 -25 1 -24 1 -25 2 -24 2 -24 2 -23 2 -23 1 -23 0 -23 0 -22 -2 -21 -2 -21 -3 -22 -4 -21 -5 -21 -7 -21 -8 -21 -9 -21 ]

CSI_DATA,AP,14:85:7F:81:BF:55,-76,11,0,0,0,0,0,0,0,0,0,-96,0,6,0,66432060,0,222,0,0,66.6065,128,[-34 -32 13 0 -33 8 -30 5 -32 1 -27 -2 -26 1 -26 1 -25 -2 -22 -2 -21 -1 -19 -2 -20 1 -17 5 -18 4 -16 7 -13 7 -16 9 -15 10 -10 10 -10 9 -12 12 -12 16 -11 12 -13 14 -13 12 -12 14 0 0 0 0 0 0 0 0 0 0 0 0 0 0 0 0 0 0 0 0 0 0 -2 3 -8 -2 -8 3 -12 1 -9 5 -9 2 -7 2 -15 1 -18 3 -19 2 -22 4 -31 0 -33 2 -31 -1 -27 -1 -35 -4 -30 -2 -28 -4 -31 -3 -23 -1 -25 1 -28 2 -21 3 -29 7 -32 5 -26 3 ]

CSI_DATA,AP,14:85:7F:81:BF:55,-77,11,0,0,0,0,0,0,0,0,0,-96,0,6,0,69210004,0,222,0,0,69.3847,128,[-34 -32 13 0 10 24 5 24 5 25 3 27 8 27 1 22 2 22 6 21 2 21 6 22 6 16 3 14 7 15 9 15 9 18 14 8 13 11 12 11 13 9 16 8 10 10 14 6 18 6 14 7 14 9 0 0 0 0 0 0 0 0 0 0 0 0 0 0 0 0 0 0 0 0 0 0 5 3 4 3 4 3 5 3 6 6 10 8 10 8 8 9 10 10 12 12 15 17 14 22 12 23 13 27 11 22 11 24 9 26 10 24 7 22 7 22 9 20 6 20 7 17 9 21 10 21 11 22 ]

CSI_DATA,AP,46:C6:EE:AC:4F:DC,-43,11,1,7,0,0,1,1,0,0,1,-96,1,6,0,70148426,0,110,0,0,70.3228,256,[110 96 6 0 -10 17 -9 17 -7 17 -6 17 -5 18 -3 17 -2 17 -1 18 0 18 1 18 1 18 2 18 2 18 3 19 3 19 2 19 2 20 2 20 2 20 1 20 0 19 0 20 -1 19 -2 20 -4 19 0 0 0 0 0 0 0 0 0 0 0 0 0 0 0 0 0 0 0 0 0 0 -17 22 -19 21 -21 19 -22 18 -22 17 -23 17 -24 16 -25 16 -24 14 -25 13 -25 13 -24 12 -24 12 -23 11 -23 11 -22 11 -21 11 -20 11 -19 12 -18 13 -18 13 -16 14 -15 15 -14 15 -13 16 -12 17 ]

CSI_DATA,AP,46:C6:EE:AC:4F:DC,-42,11,1,7,0,0,1,1,0,0,1,-96,1,6,0,70714426,0,114,0,0,70.8889,256,[114 -96 6 0 -23 -6 -23 -5 -23 -4 -23 -3 -23 -2 -22 0 -22 0 -21 2 -21 2 -22 3 -22 4 -21 4 -21 4 -22 5 -22 5 -22 5 -22 5 -23 4 -23 3 -22 3 -22 2 -22 1 -22 0 -22 0 -22 -2 0 0 0 0 0 0 0 0 0 0 0 0 0 0 0 0 0 0 0 0 0 0 -27 -8 -26 -10 -26 -11 -25 -13 -25 -14 -24 -15 -25 -16 -24 -17 -23 -17 -23 -19 -22 -19 -21 -19 -21 -19 -20 -18 -20 -18 -21 -17 -20 -17 -20 -16 -20 -15 -21 -14 -22 -13 -22 -12 -22 -11 -23 -10 -23 -9 -22 -8 ]

CSI_DATA,AP,46:C6:EE:AC:4F:DC,-42,11,1,7,0,0,1,1,0,0,1,-96,1,6,0,70714544,0,129,0,0,70.8974,256,[-127 -112 7 0 -9 -19 -9 -18 -10 -18 -10 -17 -11 -16 -11 -15 -12 -15 -13 -14 -13 -14 -14 -14 -15 -13 -15 -12 -15 -12 -15 -13 -15 -13 -16 -13 -15 -13 -15 -14 -15 -14 -14 -14 -14 -14 -13 -15 -12 -15 -11 -16 -10 -16 0 0 0 0 0 0 0 0 0 0 0 0 0 0 0 0 0 0 0 0 0 0 -9 -23 -8 -24 -6 -24 -5 -24 -4 -24 -3 -25 -2 -26 -1 -26 0 -25 1 -25 1 -25 2 -25 2 -24 2 -23 2 -24 1 -24 0 -23 0 -23 -1 -22 -2 -21 -3 -22 -3 -22 -4 -22 -5 -21 -5 -21 -6 -21 ]

CSI_DATA,AP,46:C6:EE:AC:4F:DC,-43,11,1,7,0,0,1,1,0,0,1,-96,1,6,0,70735391,0,114,0,0,70.9097,256,[114 -96 6 0 -21 -10 -21 -9 -20 -8 -21 -6 -21 -5 -20 -4 -20 -3 -21 -3 -20 -2 -21 0 -21 0 -21 0 -21 1 -21 1 -22 1 -21 1 -21 0 -22 0 -21 -1 -21 -1 -21 -2 -21 -3 -21 -3 -21 -4 -20 -6 0 0 0 0 0 0 0 0 0 0 0 0 0 0 0 0 0 0 0 0 0 0 -24 -11 -24 -14 -23 -15 -23 -16 -21 -17 -21 -19 -20 -19 -21 -21 -19 -21 -19 -21 -18 -21 -18 -21 -17 -21 -17 -20 -17 -21 -16 -20 -16 -19 -16 -18 -17 -17 -17 -17 -18 -16 -19 -16 -19 -14 -20 -13 -20 -12 -20 -12 ]

CSI_DATA,AP,46:C6:EE:AC:4F:DC,-43,11,1,7,0,0,1,1,0,0,1,-96,1,6,0,70735509,0,129,0,0,70.9181,256,[-127 -112 7 0 -6 -19 -6 -19 -6 -18 -8 -18 -8 -17 -9 -16 -10 -16 -10 -16 -11 -15 -12 -15 -13 -14 -13 -14 -14 -14 -13 -14 -13 -15 -13 -14 -13 -15 -13 -16 -12 -15 -12 -15 -11 -16 -11 -16 -11 -16 -10 -16 -8 -17 0 0 0 0 0 0 0 0 0 0 0 0 0 0 0 0 0 0 0 0 0 0 -5 -23 -3 -25 -2 -24 0 -25 1 -24 2 -26 3 -25 3 -26 4 -25 4 -24 5 -25 5 -24 5 -23 6 -23 5 -23 5 -22 4 -22 3 -21 2 -22 2 -21 1 -22 0 -21 -1 -21 -2 -21 -3 -21 -4 -21 ]

CSI_DATA,AP,46:C6:EE:AC:4F:DC,-42,11,1,7,0,0,1,1,0,0,1,-96,1,6,0,70765777,0,114,0,0,70.9401,256,[114 -96 6 0 -9 16 -8 16 -8 17 -7 16 -6 17 -5 16 -4 16 -3 17 -3 17 -2 17 -2 17 -1 17 -1 17 0 18 0 18 0 18 -1 18 -2 18 -2 18 -2 17 -3 17 -3 17 -4 17 -5 17 -7 16 0 0 0 0 0 0 0 0 0 0 0 0 0 0 0 0 0 0 0 0 0 0 -12 19 -14 19 -15 17 -16 17 -17 16 -17 16 -19 16 -19 15 -19 14 -20 13 -20 13 -20 12 -20 11 -19 11 -19 11 -18 12 -18 12 -17 12 -16 12 -15 13 -15 13 -14 14 -14 15 -13 15 -12 15 -11 16 ]

CSI_DATA,AP,46:C6:EE:AC:4F:DC,-43,11,1,7,0,0,1,1,0,0,1,-96,1,6,0,70766031,0,129,0,0,70.9479,256,[-127 -112 7 0 -20 0 -20 1 -19 2 -19 2 -19 3 -18 4 -17 5 -17 6 -17 7 -17 7 -17 8 -17 8 -17 9 -17 9 -17 9 -17 9 -17 9 -18 9 -18 8 -18 8 -17 7 -18 6 -18 5 -19 5 -19 3 0 0 0 0 0 0 0 0 0 0 0 0 0 0 0 0 0 0 0 0 0 0 -24 -2 -24 -4 -24 -5 -24 -6 -23 -7 -23 -8 -23 -9 -23 -10 -23 -11 -22 -11 -22 -12 -21 -12 -21 -12 -20 -12 -21 -12 -20 -11 -20 -10 -20 -9 -20 -9 -20 -7 -21 -7 -21 -6 -20 -5 -20 -4 -21 -3 -20 -3 ]

CSI_DATA,AP,46:C6:EE:AC:4F:DC,-43,11,1,7,0,0,1,1,0,0,1,-96,1,6,0,70786817,0,114,0,0,70.9612,256,[114 -96 6 0 20 -8 19 -9 19 -10 18 -10 17 -11 16 -12 15 -12 14 -13 15 -14 14 -15 14 -15 13 -15 13 -15 13 -16 13 -16 14 -16 14 -16 14 -16 15 -16 14 -15 14 -14 15 -13 15 -12 16 -12 17 -10 0 0 0 0 0 0 0 0 0 0 0 0 0 0 0 0 0 0 0 0 0 0 24 -7 25 -5 25 -4 25 -2 26 -1 25 0 26 1 26 2 26 3 26 3 26 4 25 4 25 4 24 4 24 4 24 3 23 3 23 2 22 1 22 0 22 -1 23 -2 22 -3 22 -3 22 -5 21 -6 ]

CSI_DATA,AP,46:C6:EE:AC:4F:DC,-43,11,1,7,0,0,1,1,0,0,1,-96,1,6,0,70786936,0,129,0,0,70.9689,256,[-127 -112 7 0 18 10 18 9 19 8 18 7 19 7 18 5 19 4 19 3 19 2 19 1 20 0 19 0 19 0 20 0 20 -1 21 0 20 0 21 1 20 1 19 2 19 2 20 3 19 3 19 4 18 6 0 0 0 0 0 0 0 0 0 0 0 0 0 0 0 0 0 0 0 0 0 0 21 14 20 16 19 17 18 18 17 19 16 20 16 21 15 22 14 22 14 22 14 22 13 22 12 21 12 21 12 21 12 21 12 19 13 19 13 17 14 17 14 17 15 16 16 15 17 14 17 13 17 12 ]

CSI_DATA,AP,14:85:7F:82:8E:F8,-73,11,0,0,0,0,0,0,0,0,0,-96,0,6,0,71212891,0,222,0,0,71.3876,128,[-34 -32 13 0 -14 -17 -18 -16 -15 -18 -16 -14 -15 -13 -15 -14 -15 -13 -16 -12 -16 -11 -16 -10 -12 -7 -12 -7 -11 -5 -14 -5 -11 -2 -12 -3 -12 -2 -11 -1 -10 -1 -10 -1 -9 0 -8 0 -8 0 -7 -1 -10 -1 0 0 0 0 0 0 0 0 0 0 0 0 0 0 0 0 0 0 0 0 0 0 -8 -21 -4 -23 -4 -22 -3 -23 -5 -24 -5 -25 -3 -26 -2 -25 0 -31 2 -32 1 -36 2 -40 4 -37 8 -37 7 -32 7 -35 6 -30 3 -24 1 -23 0 -23 0 -21 -4 -20 -5 -20 -8 -19 -9 -18 -11 -20 ]
