CSI_DATA,AP,46:C6:EE:AC:4F:DC,-33,11,1,4,0,0,1,1,0,0,0,-96,1,6,0,83228386,0,114,0,0,83.4013,256,[114 -96 6 0 -17 -15 -17 -14 -17 -13 -17 -13 -18 -12 -18 -11 -18 -10 -18 -10 -18 -9 -18 -9 -19 -9 -19 -8 -19 -8 -18 -8 -18 -8 -18 -8 -16 -8 -16 -8 -16 -8 -15 -8 -15 -8 -14 -9 -13 -8 -13 -9 -12 -9 0 0 0 0 0 0 0 0 0 0 0 0 0 0 0 0 0 0 0 0 0 0 -18 -14 -18 -16 -16 -16 -16 -18 -15 -18 -14 -19 -14 -20 -14 -21 -13 -21 -12 -22 -11 -22 -11 -22 -11 -22 -10 -22 -11 -22 -11 -21 -11 -21 -11 -20 -12 -20 -12 -19 -13 
-20 -14 -19 -14 -19 -15 -18 -16 -18 -16 -17 ]
CSI_DATA,AP,46:C6:EE:AC:4F:DC,-33,11,1,4,0,0,1,1,0,0,0,-96,1,6,0,83341649,0,114,0,0,83.5146,256,[114 -96 6 0 -14 15 -14 15 -13 15 -12 15 -12 16 -11 16 -10 16 -10 17 -9 16 -9 17 -9 17 -8 16 -8 16 -8 17 -8 16 -8 16 -9 15 -9 15 -9 14 -9 13 -8 13 -8 13 -9 11 -9 11 -10 10 0 0 0 0 0 0 0 0 0 0 0 0 0 0 0 0 0 0 0 0 0 0 -13 16 -15 16 -16 15 -17 14 -18 13 -19 12 -20 12 -21 12 -20 11 -21 10 -21 10 -21 9 -21 9 -21 9 -21 9 -21 9 -20 9 -19 10 -19 10 -19 10 -19 11 -18 12 -18 12 -17 13 -17 13 -16 14 ]
CSI_DATA,AP,46:C6:EE:AC:4F:DC,-33,11,1,4,0,0,1,1,0,0,0,-96,1,6,0,83341780,0,129,0,0,83.5226,256,[-127 -112 7 0 22 -1 23 -2 22 -3 22 -3 22 -4 21 -5 20 -5 20 -7 20 -7 20 -7 20 -7 19 -7 19 -7 19 -8 18 -7 19 -6 18 -7 18 -6 18 -6 17 -5 16 -4 16 -4 16 -3 16 -3 16 -2 0 0 0 0 0 0 0 0 0 0 0 0 0 0 0 0 0 0 0 0 0 0 23 -3 24 -1 24 0 24 2 24 3 24 4 25 5 25 6 24 7 24 8 24 9 23 10 23 10 22 10 23 9 22 8 23 8 22 7 22 7 22 6 23 5 23 4 23 4 23 3 23 3 23 1 ]
CSI_DATA,AP,46:C6:EE:AC:4F:DC,-32,11,1,5,0,0,1,1,0,0,0,-96,2,6,0,83377991,0,114,0,0,83.5508,256,[114 -96 6 0 3 23 4 22 4 22 6 22 6 21 7 20 8 20 8 20 8 20 8 19 9 19 9 18 9 18 9 18 9 18 8 18 7 17 7 17 7 17 6 16 6 16 5 16 4 16 3 15 2 15 0 0 0 0 0 0 0 0 0 0 0 0 0 0 0 0 0 0 0 0 0 0 5 23 3 24 2 24 0 24 -1 24 -2 25 -3 26 -4 26 -5 25 -6 25 -7 25 -7 25 -7 24 -7 23 -7 24 -7 24 -6 24 -5 24 -5 23 -4 23 -3 24 -2 24 -2 24 -1 24 0 24 1 23 ]
CSI_DATA,AP,46:C6:EE:AC:4F:DC,-31,11,1,5,0,0,1,1,0,0,0,-96,1,6,0,83498742,0,122,0,0,83.6716,256,[122 32 7 0 -18 12 -18 13 -17 13 -17 14 -16 14 -15 14 -14 14 -14 15 -13 15 -13 16 -13 15 -12 15 -12 15 -12 15 -12 15 -12 14 -12 14 -13 14 -12 13 -12 12 -11 11 -11 11 -11 10 -12 10 -12 9 0 0 0 0 0 0 0 0 0 0 0 0 0 0 0 0 0 0 0 0 0 0 -17 14 -19 13 -19 12 -20 11 -20 9 -22 9 -23 8 -23 8 -23 7 -23 6 -24 6 -24 6 -23 5 -23 5 -24 5 -23 5 -23 5 -22 6 -22 6 -21 7 -22 8 -21 8 -21 9 -21 10 -21 10 -20 11 ]
CSI_DATA,AP,46:C6:EE:AC:4F:DC,-32,11,1,5,0,0,1,1,0,0,0,-96,1,6,0,83500327,0,116,0,0,83.6797,256,[116 -64 6 0 -2 -23 -3 -22 -3 -22 -4 -22 -4 -21 -6 -20 -6 -20 -6 -20 -7 -20 -7 -20 -8 -20 -8 -19 -8 -19 -7 -19 -7 -18 -7 -18 -6 -17 -6 -18 -5 -17 -5 -17 -5 -16 -5 -16 -4 -16 -3 -16 -2 -15 0 0 0 0 0 0 0 0 0 0 0 0 0 0 0 0 0 0 0 0 0 0 -4 -22 -2 -23 0 -23 1 -23 2 -23 3 -23 4 -24 5 -24 5 -24 6 -24 6 -24 7 -23 7 -23 7 -22 7 -23 7 -23 7 -22 6 -23 5 -22 4 -22 4 -23 2 -23 3 -23 2 -23 1 -23 0 -23 ]
CSI_DATA,AP,46:C6:EE:AC:4F:DC,-32,11,1,5,0,0,1,1,0,0,0,-96,1,6,0,83512741,0,129,0,0,83.6883,256,[-127 -112 7 0 0 21 1 21 2 20 3 21 4 20 4 19 5 19 5 19 5 18 5 18 6 18 6 18 6 18 6 17 6 18 6 17 5 17 5 17 5 16 4 16 3 15 3 15 2 15 1 14 1 14 0 0 0 0 0 0 0 0 0 0 0 0 0 0 0 0 0 0 0 0 0 0 2 21 1 22 -1 21 -3 22 -4 21 -5 22 -5 23 -6 23 -7 22 -8 22 -9 22 -9 22 -9 21 -9 21 -9 21 -9 21 -8 21 -7 21 -7 21 -5 21 -5 21 -4 22 -4 22 -3 22 -2 22 -1 22 ]
CSI_DATA,AP,46:C6:EE:AC:4F:DC,-32,11,1,6,0,0,1,1,0,0,0,-96,2,6,0,83527140,0,122,0,0,83.7,256,[122 32 7 0 14 -16 14 -17 13 -17 13 -18 12 -18 11 -18 10 -18 9 -19 9 -19 8 -19 8 -19 8 -18 7 -19 8 -19 8 -18 7 -17 8 -17 8 -17 8 -16 8 -15 7 -15 8 -14 8 -14 9 -13 9 -12 0 0 0 0 0 0 0 0 0 0 0 0 0 0 0 0 0 0 0 0 0 0 14 -17 16 -16 17 -15 18 -14 18 -13 20 -13 21 -13 21 -12 21 -11 22 -10 22 -10 22 -9 22 -9 22 -9 22 -9 21 -10 21 -10 20 -10 19 -10 19 -11 19 -12 19 -13 18 -14 18 -14 17 -15 17 -16 ]
CSI_DATA,AP,46:C6:EE:AC:4F:DC,-32,11,1,6,0,0,1,1,0,0,0,-96,1,6,0,83529040,0,114,0,0,83.708,256,[114 -96 6 0 16 -15 15 -15 15 -16 14 -16 13 -16 12 -16 12 -17 11 -17 11 -17 11 -18 10 -18 10 -17 10 -17 10 -17 10 -17 10 -16 11 -16 10 -16 10 -15 10 -14 10 -13 10 -12 10 -12 10 -11 11 -10 0 0 0 0 0 0 0 0 0 0 0 0 0 0 0 0 0 0 0 0 0 0 14 -16 17 -16 17 -15 18 -14 18 -14 19 -12 20 -12 21 -12 21 -10 21 -10 22 -10 22 -9 22 -8 22 -8 22 -8 21 -9 21 -9 20 -9 20 -9 19 -10 20 -11 19 -12 19 -13 18 -13 18 -13 17 -14 ]
CSI_DATA,AP,46:C6:EE:AC:4F:DC,-32,11,1,6,0,0,1,1,0,0,0,-96,1,6,0,83529162,0,129,0,0,83.7157,256,[-127 -112 7 0 -19 -13 -19 -12 -20 -12 -19 -12 -20 -10 -20 -9 -19 -9 -19 -8 -20 -7 -20 -7 -20 -7 -20 -7 -19 -7 -19 -6 -19 -6 -19 -7 -18 -7 -18 -7 -17 -7 -16 -7 -15 -7 -15 -8 -15 -8 -14 -8 -13 -8 0 0 0 0 0 0 0 0 0 0 0 0 0 0 0 0 0 0 0 0 0 0 -20 -12 -19 -14 -18 -15 -18 -17 -17 -17 -16 -18 -16 -19 -16 -20 -15 -20 -14 -21 -14 -21 -13 -21 -13 -21 -12 -21 -13 -21 -13 -21 -13 -20 -13 -19 -14 -19 -14 -18 -15 -18 -16 -17 -16 -17 -17 -17 -17 -15 -18 -15 ]
CSI_DATA,AP,46:C6:EE:AC:4F:DC,-32,11,1,6,0,0,1,1,0,0,0,-96,1,6,0,83561341,0,114,0,0,83.7341,256,[114 -96 6 0 -5 23 -4 23 -3 23 -2 23 -1 23 1 22 1 22 1 22 2 21 2 22 2 22 3 21 3 21 3 21 2 21 3 20 2 20 1 20 1 18 1 18 1 18 0 17 0 17 -2 17 -2 16 0 0 0 0 0 0 0 0 0 0 0 0 0 0 0 0 0 0 0 0 0 0 -3 23 -5 24 -7 23 -9 23 -9 23 -10 23 -12 23 -13 23 -13 23 -14 22 -14 21 -15 22 -15 21 -15 20 -15 21 -14 21 -14 21 -13 20 -12 21 -10 21 -10 22 -10 22 -9 22 -8 22 -8 23 -7 23 ]
CSI_DATA,AP,46:C6:EE:AC:4F:DC,-33,11,1,6,0,0,1,1,0,0,0,-96,1,6,0,83586224,0,119,0,0,83.7591,256,[119 -16 6 0 20 -11 20 -12 20 -12 19 -13 18 -13 18 -13 18 -13 17 -14 16 -15 16 -15 15 -15 15 -15 15 -15 15 -15 16 -15 15 -14 15 -14 16 -13 15 -12 15 -12 13 -11 14 -10 13 -10 14 -9 14 -8 0 0 0 0 0 0 0 0 0 0 0 0 0 0 0 0 0 0 0 0 0 0 20 -12 21 -10 22 -9 22 -8 23 -7 23 -6 24 -5 25 -4 24 -4 24 -3 25 -3 24 -2 24 -2 23 -2 24 -1 23 -2 23 -3 23 -3 23 -3 22 -4 23 -5 23 -6 22 -7 22 -7 22 -8 22 -9 ]
CSI_DATA,AP,46:C6:EE:AC:4F:DC,-33,11,1,7,0,0,1,1,0,0,1,-96,1,6,0,83600443,0,119,0,0,83.7732,256,[119 -16 6 0 -23 3 -22 4 -21 5 -21 5 -21 6 -20 6 -20 7 -20 8 -20 8 -19 9 -19 9 -18 9 -18 8 -19 9 -19 8 -18 8 -18 7 -18 7 -18 6 -17 6 -17 4 -16 4 -16 4 -17 4 -16 2 0 0 0 0 0 0 0 0 0 0 0 0 0 0 0 0 0 0 0 0 0 0 -21 5 -22 3 -23 1 -23 0 -23 -1 -23 -2 -24 -3 -24 -3 -23 -4 -24 -5 -23 -5 -23 -6 -23 -5 -22 -6 -23 -6 -23 -5 -23 -4 -22 -4 -22 -4 -22 -3 -22 -2 -23 -2 -23 -1 -23 0 -23 1 -23 2 ]
CSI_DATA,AP,46:C6:EE:AC:4F:DC,-34,11,1,7,0,0,1,1,0,0,1,-96,1,6,0,83636456,0,121,0,0,83.8092,256,[121 16 7 0 20 -6 21 -7 19 -7 20 -8 19 -9 18 -10 19 -11 18 -11 17 -11 18 -11 17 -11 17 -11 16 -11 17 -11 17 -10 16 -10 17 -10 16 -10 16 -10 16 -8 15 -7 15 -7 15 -6 16 -6 15 -4 0 0 0 0 0 0 0 0 0 0 0 0 0 0 0 0 0 0 0 0 0 0 19 -8 21 -6 20 -4 22 -4 21 -2 22 -2 22 -1 23 0 22 1 21 1 22 3 22 2 22 2 21 3 22 0 22 1 21 0 21 1 21 -2 21 -1 21 -2 21 -3 21 -3 21 -5 22 -5 22 -6 ]
CSI_DATA,AP,46:C6:EE:AC:4F:DC,-34,11,1,7,0,0,1,1,0,0,1,-96,1,6,0,83641494,0,115,0,0,83.8169,256,[115 -80 6 0 22 0 22 0 22 -1 22 -2 21 -2 21 -3 21 -4 20 -5 21 -5 20 -6 20 -5 20 -5 19 -5 20 -6 19 -5 19 -5 19 -5 19 -4 19 -4 18 -3 17 -3 17 -2 16 -2 17 -1 16 0 0 0 0 0 0 0 0 0 0 0 0 0 0 0 0 0 0 0 0 0 0 0 21 1 21 2 21 4 21 5 21 5 21 6 21 7 21 8 21 8 20 9 20 10 20 10 19 10 19 10 20 9 19 9 19 8 20 7 20 7 20 6 21 6 21 5 21 4 22 4 22 3 22 2 ]
CSI_DATA,AP,46:C6:EE:AC:4F:DC,-35,11,1,7,0,0,1,1,0,0,1,-96,1,6,0,83658602,0,121,0,0,83.8314,256,[121 16 7 0 4 21 5 21 6 20 6 20 7 20 7 19 7 19 8 18 8 18 8 18 9 18 8 17 9 17 8 17 8 17 8 17 7 17 6 17 6 17 5 16 5 16 4 16 4 16 3 16 2 15 0 0 0 0 0 0 0 0 0 0 0 0 0 0 0 0 0 0 0 0 0 0 7 19 5 19 3 20 2 20 1 20 0 20 0 22 -1 21 -1 21 -2 21 -2 21 -3 21 -3 21 -3 20 -3 20 -2 21 -2 20 -2 20 -1 20 0 20 0 21 1 21 2 21 2 21 3 21 4 21 ]
CSI_DATA,AP,46:C6:EE:AC:4F:DC,-35,11,1,7,0,0,1,1,0,0,1,-96,1,6,0,83658721,0,115,0,0,83.8386,256,[115 -80 6 0 21 -7 22 -8 21 -8 21 -8 20 -9 19 -10 19 -10 19 -11 19 -11 19 -12 18 -11 18 -11 17 -11 18 -11 18 -11 17 -10 17 -10 18 -9 17 -9 17 -8 16 -7 16 -7 16 -6 16 -6 16 -5 0 0 0 0 0 0 0 0 0 0 0 0 0 0 0 0 0 0 0 0 0 0 20 -8 21 -6 21 -5 22 -3 21 -3 22 -2 22 -1 23 0 22 0 23 1 22 1 22 1 22 2 22 2 22 1 22 1 21 0 21 0 22 -1 21 -2 23 -2 22 -3 22 -4 23 -5 22 -5 22 -6 ]
CSI_DATA,AP,46:C6:EE:AC:4F:DC,-45,11,1,7,0,0,1,1,0,0,1,-96,1,6,0,83804107,0,118,0,0,83.977,256,[118 -32 6 0 13 20 13 19 13 19 14 18 15 18 15 16 16 15 16 14 16 13 17 13 17 12 17 11 18 11 18 10 19 10 19 10 19 10 19 10 19 10 19 10 18 11 19 11 17 12 18 12 17 13 0 0 0 0 0 0 0 0 0 0 0 0 0 0 0 0 0 0 0 0 0 0 3 -3 5 -3 6 -2 7 0 8 1 9 2 9 4 10 6 10 7 10 9 10 11 10 12 10 13 10 15 9 16 9 17 9 18 9 18 9 18 9 19 10 20 11 20 11 21 11 21 12 21 12 21 ]
CSI_DATA,AP,46:C6:EE:AC:4F:DC,-45,11,1,7,0,0,1,1,0,0,1,-96,1,6,0,83810452,0,122,0,0,83.9845,256,[122 32 7 0 -22 -18 -21 -18 -22 -17 -21 -16 -23 -15 -22 -13 -23 -12 -22 -10 -23 -10 -24 -9 -25 -8 -23 -7 -24 -7 -25 -6 -24 -5 -25 -5 -25 -5 -25 -5 -25 -6 -25 -6 -24 -6 -24 -7 -23 -7 -23 -8 -23 -9 0 0 0 0 0 0 0 0 0 0 0 0 0 0 0 0 0 0 0 0 0 0 -7 2 -9 1 -10 1 -12 0 -13 -2 -14 -3 -15 -5 -16 -7 -16 -9 -16 -11 -17 -12 -17 -14 -17 -16 -16 -16 -16 -18 -17 -19 -16 -19 -17 -20 -17 -20 -18 -19 -18 -20 -19 -20 -19 -20 -20 -21 -19 -21 -21 -19 ]
CSI_DATA,AP,46:C6:EE:AC:4F:DC,-43,11,1,7,0,0,1,1,0,0,1,-96,1,6,0,83830131,0,118,0,0,84.0029,256,[118 -32 6 0 -3 27 -2 27 -1 26 0 26 1 26 2 24 3 24 3 24 4 23 5 23 6 23 7 22 7 22 8 22 8 22 8 22 8 22 7 22 7 22 6 22 6 21 5 22 5 21 4 21 2 21 0 0 0 0 0 0 0 0 0 0 0 0 0 0 0 0 0 0 0 0 0 0 6 8 5 10 5 11 4 13 4 14 4 16 2 18 1 20 0 21 -1 22 -3 23 -4 23 -5 24 -6 24 -7 25 -8 25 -8 25 -8 25 -7 25 -8 26 -7 27 -7 27 -7 27 -6 27 -5 27 -5 27 ]
CSI_DATA,AP,46:C6:EE:AC:4F:DC,-43,11,1,7,0,0,1,1,0,0,1,-96,1,6,0,83831311,0,122,0,0,84.0101,256,[122 32 7 0 20 -19 20 -20 19 -20 18 -20 17 -20 15 -20 14 -21 13 -22 12 -22 11 -23 10 -23 9 -23 9 -23 9 -24 9 -24 9 -23 9 -23 10 -23 10 -23 9 -22 9 -22 10 -21 10 -20 12 -20 12 -19 0 0 0 0 0 0 0 0 0 0 0 0 0 0 0 0 0 0 0 0 0 0 1 -11 2 -12 4 -13 5 -14 7 -15 8 -15 10 -16 12 -17 14 -16 16 -16 17 -16 19 -16 20 -15 21 -15 22 -15 23 -15 23 -15 23 -15 23 -14 23 -15 24 -16 24 -17 23 -17 23 -17 23 -18 23 -19 ]    
CSI_DATA,AP,46:C6:EE:AC:4F:DC,-41,11,1,7,0,0,1,1,0,0,1,-96,1,6,0,83883166,0,130,0,0,84.056,256,[-126 -96 7 0 -25 -10 -25 -9 -25 -8 -25 -8 -25 -7 -24 -5 -24 -5 -24 -4 -24 -3 -24 -2 -24 -2 -24 -2 -24 -1 -24 -1 -24 -1 -24 -2 -23 -2 -24 -2 -23 -3 -22 -3 -21 -4 -21 -5 -20 -5 -20 -6 -19 -8 0 0 0 0 0 0 0 0 0 0 0 0 0 0 0 0 0 0 0 0 0 0 -13 0 -14 -1 -15 -2 -16 -3 -17 -4 -18 -5 -19 -6 -20 -7 -20 -8 -21 -10 -21 -11 -21 -12 -21 -13 -21 -14 -22 -14 -22 -15 -22 -15 -21 -14 -22 -14 -22 -14 -23 -14 -24 -13 -23 -13 -24 -13 -25 -12 -25 -11 ]
CSI_DATA,AP,46:C6:EE:AC:4F:DC,-41,11,1,7,0,0,1,1,0,0,1,-96,1,6,0,83883287,0,110,0,0,84.0646,256,[110 96 6 0 -4 24 -3 24 -3 24 -2 23 -1 24 0 22 1 22 2 22 2 22 2 22 3 22 3 21 4 21 4 21 3 21 4 22 3 21 2 21 2 21 1 20 1 20 0 20 -1 19 -2 19 -3 18 0 0 0 0 0 0 0 0 0 0 0 0 0 0 0 0 0 0 0 0 0 0 2 11 2 12 1 13 0 14 0 15 -1 17 -2 18 -2 19 -3 20 -5 20 -6 21 -7 22 -8 21 -9 21 -9 22 -10 22 -9 22 -9 22 -9 22 -8 23 -8 23 -7 24 -7 24 -7 24 -6 24 -6 25 ]
CSI_DATA,AP,46:C6:EE:AC:4F:DC,-41,11,1,7,0,0,1,1,0,0,1,-96,1,6,0,83914132,0,130,0,0,84.0868,256,[-126 -96 7 0 10 23 11 23 11 22 12 22 12 22 13 20 13 20 14 19 14 18 15 18 15 18 15 17 15 17 16 17 15 17 15 18 15 18 14 18 13 18 12 18 12 17 11 18 10 18 9 18 7 18 0 0 0 0 0 0 0 0 0 0 0 0 0 0 0 0 0 0 0 0 0 0 8 10 8 11 8 12 8 14 7 15 8 16 7 18 7 19 6 20 5 21 5 23 4 23 3 23 3 23 3 24 3 24 3 24 3 23 4 24 4 24 5 25 6 25 6 24 7 25 8 24 9 24 ]
CSI_DATA,AP,46:C6:EE:AC:4F:DC,-42,11,1,7,0,0,1,1,0,0,1,-96,1,6,0,84314961,0,130,0,0,84.4878,256,[-126 -96 7 0 24 0 24 -1 23 -2 24 -3 23 -4 22 -5 22 -5 22 -6 22 -7 23 -8 22 -8 22 -7 22 -7 22 -7 22 -7 22 -6 22 -6 22 -5 21 -4 20 -4 19 -2 19 -2 18 -1 18 0 17 2 0 0 0 0 0 0 0 0 0 0 0 0 0 0 0 0 0 0 0 0 0 0 19 -2 20 0 20 1 21 2 20 3 21 4 22 5 22 6 22 7 22 7 22 8 22 8 22 9 22 9 22 9 22 9 22 8 22 7 22 7 23 6 24 5 24 4 24 4 25 3 25 3 24 1 ]
CSI_DATA,AP,46:C6:EE:AC:4F:DC,-42,11,1,7,0,0,1,1,0,0,1,-96,1,6,0,84337625,0,219,0,0,84.5103,256,[-37 48 13 0 3 23 4 22 4 22 6 22 6 21 7 21 8 21 8 20 9 21 9 20 10 20 10 20 9 20 9 21 8 20 8 20 7 19 6 20 5 19 4 19 4 18 3 18 2 17 1 17 0 16 0 0 0 0 0 0 0 0 0 0 0 0 0 0 0 0 0 0 0 0 0 0 4 19 2 20 1 20 0 21 -1 21 -2 21 -3 22 -4 23 -4 23 -5 23 -6 23 -6 23 -6 23 -6 22 -6 22 -6 23 -6 22 -5 23 -4 22 -4 23 -3 24 -2 24 -2 24 -1 24 0 24 1 24 ]
CSI_DATA,AP,46:C6:EE:AC:4F:DC,-42,11,1,7,0,0,1,1,0,0,1,-96,1,6,0,84338652,0,114,0,0,84.5176,256,[114 -96 6 0 -23 1 -22 1 -22 1 -23 3 -22 4 -21 5 -21 5 -21 6 -21 7 -21 7 -22 7 -22 8 -21 8 -20 7 -20 5 -22 5 -21 6 -20 6 -19 3 -19 2 -19 2 -19 2 -17 1 -17 0 -17 -2 0 0 0 0 0 0 0 0 0 0 0 0 0 0 0 0 0 0 0 0 0 0 -19 0 -21 -1 -21 -1 -20 -2 -19 -4 -21 -6 -23 -6 -23 -5 -20 -6 -21 -8 -22 -9 -22 -9 -22 -9 -21 -9 -23 -9 -22 -9 -22 -8 -22 -8 -22 -6 -22 -5 -23 -6 -24 -6 -24 -4 -24 -3 -23 -2 -23 -2 ]
CSI_DATA,AP,46:C6:EE:AC:4F:DC,-42,11,1,7,0,0,1,1,0,0,1,-96,1,6,0,84343778,0,219,0,0,84.5251,256,[-37 48 13 0 22 -11 21 -11 22 -13 21 -13 20 -13 19 -15 19 -15 18 -16 18 -17 18 -17 18 -17 17 -17 17 -17 18 -17 18 -16 18 -15 18 -14 19 -14 18 -13 18 -12 17 -11 17 -10 17 -8 17 -7 17 -6 0 0 0 0 0 0 0 0 0 0 0 0 0 0 0 0 0 0 0 0 0 0 18 -10 19 -9 21 -8 21 -7 22 -6 23 -6 24 -5 24 -4 24 -3 25 -2 25 -2 25 -1 25 -1 25 -1 25 -1 25 -1 24 -2 25 -3 24 -3 24 -4 25 -5 25 -6 25 -7 25 -7 24 -8 24 -9 ]
CSI_DATA,AP,46:C6:EE:AC:4F:DC,-42,11,1,7,0,0,1,1,0,0,1,-96,1,6,0,84343913,0,219,0,0,84.5326,256,[-37 48 13 0 -24 -4 -23 -3 -23 -2 -23 -1 -22 0 -22 0 -22 1 -22 2 -23 2 -23 3 -23 3 -22 3 -22 2 -22 3 -22 2 -22 1 -21 1 -21 0 -21 0 -20 -1 -19 -2 -18 -3 -17 -4 -17 -4 -16 -5 0 0 0 0 0 0 0 0 0 0 0 0 0 0 0 0 0 0 0 0 0 0 -20 -2 -20 -3 -20 -5 -20 -6 -21 -7 -20 -7 -21 -8 -21 -9 -21 -10 -21 -11 -21 -12 -21 -12 -21 -12 -20 -12 -21 -12 -21 -12 -20 -11 -21 -11 -21 -10 -21 -10 -22 -9 -22 -9 -23 -8 -23 -7 -23 -7 -23 -6 ]
CSI_DATA,AP,46:C6:EE:AC:4F:DC,-50,11,1,7,0,0,1,0,0,0,1,-96,0,6,0,84468341,0,94,0,0,84.6412,256,[94 96 5 0 4 -19 2 -19 1 -19 -2 -19 -3 -20 -5 -19 -6 -20 -7 -20 -8 -20 -9 -21 -11 -21 -11 -21 -12 -21 -12 -22 -12 -23 -12 -22 -11 -23 -10 -24 -9 -24 -8 -24 -8 -23 -6 -24 -5 -23 -2 -23 0 -22 0 0 0 0 0 0 0 0 0 0 0 0 0 0 0 0 0 0 0 0 0 0 9 -21 11 -21 13 -20 14 -20 15 -19 16 -19 17 -19 19 -19 19 -18 20 -17 20 -17 20 -16 20 -15 19 -15 19 -16 18 -16 17 -16 16 -17 15 -17 14 -18 14 -19 13 -19 12 -20 11 -19 10 -20 9 -20 ]
CSI_DATA,AP,46:C6:EE:AC:4F:DC,-49,11,1,7,0,0,1,1,0,0,1,-96,1,6,0,84469478,0,124,0,0,84.6496,256,[124 64 7 0 15 -10 14 -11 13 -12 11 -13 11 -14 10 -15 9 -16 8 -17 8 -19 7 -20 7 -20 6 -20 7 -21 7 -22 8 -22 8 -21 9 -22 10 -22 11 -21 11 -20 12 -18 12 -18 12 -17 14 -15 15 -14 0 0 0 0 0 0 0 0 0 0 0 0 0 0 0 0 0 0 0 0 0 0 19 -9 20 -7 21 -6 22 -5 22 -3 22 -3 23 -1 24 -1 24 1 24 1 24 1 23 2 23 2 22 2 22 2 22 1 21 0 21 -1 20 -2 20 -2 21 -3 21 -4 20 -5 19 -6 19 -7 18 -7 ]
CSI_DATA,AP,F4:7B:09:6A:B1:CF,-80,11,0,0,0,0,0,0,0,0,0,-96,0,6,0,84603161,0,136,0,0,84.7761,128,[-120 -128 8 0 -37 -3 -41 -5 -37 -7 -35 -5 -38 -11 -37 -6 -29 -7 -32 -5 -27 -8 -25 -4 -22 -3 -27 -4 -23 1 -16 -2 -21 -4 -16 1 -16 -1 -11 -1 -10 2 -11 1 -9 2 -12 2 -15 1 -9 1 -8 0 0 0 0 0 0 0 0 0 0 0 0 0 0 0 0 0 0 0 0 0 0 0 -15 1 -18 -2 -19 -1 -18 -5 -20 -7 -12 -8 -15 -5 -13 -8 -17 -6 -21 -7 -22 -9 -26 -9 -28 -6 -26 -10 -29 -9 -26 -8 -26 -13 -22 -10 -24 -7 -28 -4 -28 -4 -31 -4 -31 4 -29 1 -37 -1 -35 -1 ]
CSI_DATA,AP,46:C6:EE:AC:4F:DC,-45,11,1,7,0,0,1,1,0,0,1,-96,1,6,0,84611045,0,129,0,0,84.7843,256,[-127 -112 7 0 19 9 19 8 19 7 20 5 20 5 20 3 20 3 20 2 20 1 20 0 20 0 20 0 20 0 20 0 20 0 20 1 19 1 19 2 18 3 17 3 16 4 15 4 14 4 13 4 12 4 0 0 0 0 0 0 0 0 0 0 0 0 0 0 0 0 0 0 0 0 0 0 23 11 22 13 21 15 21 16 20 17 20 18 19 20 19 21 17 21 17 21 17 21 16 22 16 21 15 21 16 21 15 20 15 19 16 18 16 18 17 18 17 17 18 16 18 16 19 14 19 14 19 11 ]
CSI_DATA,AP,46:C6:EE:AC:4F:DC,-45,11,1,7,0,0,1,1,0,0,1,-96,1,6,0,84611165,0,114,0,0,84.7913,256,[114 -96 6 0 8 -17 7 -18 5 -18 5 -18 4 -19 3 -18 2 -18 2 -19 1 -19 1 -19 0 -19 0 -18 0 -19 0 -19 1 -19 1 -18 2 -18 2 -18 3 -17 3 -16 3 -15 3 -14 3 -13 4 -12 5 -11 0 0 0 0 0 0 0 0 0 0 0 0 0 0 0 0 0 0 0 0 0 0 10 -21 12 -21 14 -19 15 -19 15 -18 17 -18 17 -18 19 -17 19 -16 19 -15 19 -16 19 -15 19 -15 18 -14 19 -15 18 -15 17 -14 16 -14 16 -15 15 -15 15 -16 14 -16 14 -17 13 -16 11 -17 11 -18 ]
CSI_DATA,AP,46:C6:EE:AC:4F:DC,-45,11,1,7,0,0,1,1,0,0,1,-96,1,6,0,84634493,0,114,0,0,84.8073,256,[114 -96 6 0 -18 -9 -18 -8 -18 -7 -19 -6 -19 -6 -18 -4 -19 -4 -19 -3 -19 -2 -19 -1 -19 -1 -19 -1 -19 -1 -19 0 -19 0 -18 -1 -18 -2 -18 -2 -17 -3 -16 -3 -15 -4 -14 -4 -13 -4 -13 -4 -12 -5 0 0 0 0 0 0 0 0 0 0 0 0 0 0 0 0 0 0 0 0 0 0 -22 -12 -21 -14 -20 -15 -20 -17 -18 -17 -18 -19 -18 -20 -17 -21 -16 -21 -16 -21 -15 -21 -15 -21 -14 -21 -14 -20 -14 -21 -14 -19 -15 -19 -14 -18 -15 -18 -15 -17 -16 -17 -16 -16 -16 -15 -17 -14 -17 -13 -17 -12 ]
CSI_DATA,AP,46:C6:EE:AC:4F:DC,-45,11,1,7,0,0,1,1,0,0,1,-96,1,6,0,84634611,0,129,0,0,84.8158,256,[-127 -112 7 0 -8 17 -7 18 -6 18 -5 18 -4 18 -3 17 -2 17 -2 18 -1 18 -1 18 0 18 0 18 0 18 0 18 -1 18 0 18 -1 17 -2 17 -2 16 -3 15 -3 14 -3 14 -4 13 -4 12 -5 11 0 0 0 0 0 0 0 0 0 0 0 0 0 0 0 0 0 0 0 0 0 0 -10 22 -12 21 -13 20 -15 20 -16 19 -16 19 -18 19 -19 18 -19 17 -20 17 -20 16 -20 16 -20 15 -19 15 -19 15 -19 15 -18 15 -17 15 -16 15 -16 15 -16 16 -15 16 -14 17 -13 17 -12 17 -11 17 ]
CSI_DATA,AP,46:C6:EE:AC:4F:DC,-44,11,1,7,0,0,1,0,0,0,1,-96,0,6,0,84642500,0,94,0,0,84.8233,256,[94 96 5 0 14 13 15 11 15 11 16 10 16 9 16 8 17 7 16 6 17 6 17 5 17 5 17 4 17 4 17 4 17 4 17 5 16 5 16 6 15 6 14 6 13 7 13 7 12 7 11 7 10 7 0 0 0 0 0 0 0 0 0 0 0 0 0 0 0 0 0 0 0 0 0 0 19 15 17 17 16 18 15 19 14 20 13 21 13 22 13 23 11 23 11 23 10 23 9 23 9 23 9 22 9 22 9 22 9 21 9 20 10 20 10 19 11 19 11 19 12 18 13 17 13 17 13 15 ]
CSI_DATA,AP,46:C6:EE:AC:4F:DC,-43,11,1,7,0,0,1,1,0,0,1,-96,1,6,0,84689738,0,119,0,0,84.8625,256,[119 -16 6 0 -20 -7 -20 -6 -19 -4 -19 -4 -19 -2 -19 -1 -19 -1 -18 0 -18 1 -18 2 -19 2 -18 2 -18 3 -18 3 -18 3 -18 2 -18 2 -18 2 -17 1 -17 1 -16 -1 -16 -1 -15 -1 -15 -2 -14 -3 0 0 0 0 0 0 0 0 0 0 0 0 0 0 0 0 0 0 0 0 0 0 -23 -5 -23 -7 -23 -8 -23 -10 -22 -10 -22 -12 -22 -13 -22 -14 -21 -15 -21 -15 -21 -16 -20 -16 -20 -16 -19 -16 -20 -17 -19 -16 -20 -15 -19 -14 -19 -14 -20 -13 -20 -13 -20 -13 -20 -12 -21 
-11 -21 -10 -20 -9 ]
CSI_DATA,AP,46:C6:EE:AC:4F:DC,-42,11,1,7,0,0,1,1,0,0,1,-96,1,6,0,84727326,0,119,0,0,84.9002,256,[119 -16 6 0 -22 -1 -20 0 -20 1 -20 1 -19 3 -19 3 -19 4 -18 5 -18 6 -18 6 -18 6 -17 7 -17 6 -17 7 -17 7 -17 6 -16 6 -17 6 -16 5 -16 5 -15 3 -15 3 -14 3 -14 2 -13 1 0 0 0 0 0 0 0 0 0 0 0 0 0 0 0 0 0 0 0 0 0 0 -26 1 -26 -2 -26 -4 -26 -5 -26 -6 -26 -7 -26 -8 -26 -9 -25 -10 -25 -11 -25 -11 -24 -12 -24 -12 -23 -12 -23 -12 -24 -11 -23 -11 -23 -11 -22 -9 -22 -9 -23 -8 -22 -7 -22 -7 -23 -6 -22 -5 -22 -4 ]    
CSI_DATA,AP,14:85:7F:81:BF:55,-75,11,0,0,0,0,0,0,0,0,0,-96,0,6,0,85438155,0,222,0,0,85.6114,128,[-34 -32 13 0 4 9 5 13 2 13 6 14 7 15 1 15 3 13 0 12 1 8 0 3 1 2 2 -2 2 -5 4 -6 2 -10 3 -11 5 -13 2 -10 2 -8 0 -9 -1 -8 -2 -7 -6 -9 -9 -8 -11 -11 0 0 0 0 0 0 0 0 0 0 0 0 0 0 0 0 0 0 0 0 0 0 -6 -10 -6 -11 -9 -14 -12 -14 -13 -18 -16 -17 -17 -22 -17 -23 -18 -27 -19 -30 -22 -37 -23 -37 -22 -38 -20 -39 -22 -35 -22 -36 -22 -31 -19 -28 -17 -29 -18 -27 -13 -21 -11 -16 -6 -14 -7 -10 -3 -9 -1 -3 ]
CSI_DATA,AP,46:C6:EE:AC:4F:DC,-45,11,1,7,0,0,1,1,0,0,1,-96,1,6,0,85464629,0,129,0,0,85.6375,256,[-127 -112 7 0 1 -21 0 -21 -1 -20 -3 -20 -4 -19 -5 -19 -5 -19 -6 -19 -7 -19 -8 -19 -9 -19 -9 -18 -9 -18 -8 -18 -8 -18 -8 -17 -7 -17 -6 -18 -5 -17 -5 -17 -5 -17 -4 -16 -4 -16 -2 -15 0 -15 0 0 0 0 0 0 0 0 0 0 0 0 0 0 0 0 0 0 0 0 0 0 8 -28 11 -28 13 -27 14 -27 15 -25 16 -26 17 -25 18 -25 19 -23 19 -23 18 -23 19 -22 18 -21 17 -21 17 -21 16 -20 15 -21 13 -21 12 -21 11 -20 11 -21 10 -22 8 -22 7 -22 6 -22 5 -22 ]
CSI_DATA,AP,46:C6:EE:AC:4F:DC,-45,11,1,7,0,0,1,0,0,0,1,-96,0,6,0,85465554,0,94,0,0,85.6456,256,[94 96 5 0 9 16 9 15 9 14 11 13 11 12 12 11 13 11 13 10 14 10 13 10 14 9 14 9 14 9 13 9 13 9 13 10 12 9 12 10 11 10 10 9 10 10 9 10 8 10 7 10 6 10 0 0 0 0 0 0 0 0 0 0 0 0 0 0 0 0 0 0 0 0 0 0 8 24 6 25 4 26 3 26 2 26 1 26 0 27 -1 27 -1 26 -2 26 -3 26 -3 25 -3 24 -3 23 -3 23 -2 23 -2 22 -1 21 1 21 2 21 3 21 3 21 4 20 5 19 6 19 7 18 ]
CSI_DATA,AP,46:C6:EE:AC:4F:DC,-46,11,1,7,0,0,1,1,0,0,1,-96,1,6,0,85486920,0,114,0,0,85.6597,256,[114 -96 6 0 -13 15 -12 16 -11 15 -9 16 -7 17 -7 17 -6 19 -6 18 -5 18 -4 18 -3 17 -4 18 -4 18 -3 19 -5 18 -3 17 -4 17 -5 17 -4 17 -5 16 -5 15 -6 15 -7 13 -8 13 -9 12 0 0 0 0 0 0 0 0 0 0 0 0 0 0 0 0 0 0 0 0 0 0 -19 19 -21 17 -22 16 -23 15 -24 14 -24 13 -26 11 -27 12 -26 11 -26 9 -26 8 -26 8 -26 8 -25 8 -26 9 -24 8 -23 9 -22 9 -23 9 -20 11 -20 12 -20 13 -18 14 -18 13 -17 14 -16 15 ]
CSI_DATA,AP,46:C6:EE:AC:4F:DC,-44,11,1,7,0,0,1,1,0,0,1,-96,1,6,0,85488447,0,129,0,0,85.6677,256,[-127 -112 7 0 -20 0 -20 2 -19 3 -19 3 -18 5 -17 5 -17 6 -17 7 -17 8 -17 9 -17 9 -16 8 -16 9 -16 9 -16 9 -16 8 -16 8 -16 8 -16 7 -15 7 -15 5 -15 5 -15 3 -15 3 -15 2 0 0 0 0 0 0 0 0 0 0 0 0 0 0 0 0 0 0 0 0 0 0 -26 -1 -26 -3 -26 -5 -26 -7 -25 -7 -25 -8 -26 -10 -26 -10 -24 -11 -24 -12 -24 -12 -23 -13 -23 -14 -19 -12 -19 -10 -23 -11 -22 -10 -21 -9 -21 -8 -21 -7 -22 -6 -22 -6 -22 -5 -22 -4 -22 -3 -21 -2 ] 
CSI_DATA,AP,46:C6:EE:AC:4F:DC,-42,11,1,7,0,0,1,0,0,0,1,-96,0,6,0,85511036,0,94,0,0,85.6838,256,[94 96 5 0 15 -14 14 -15 14 -15 12 -16 11 -16 10 -16 10 -17 9 -18 8 -18 8 -18 8 -19 7 -18 7 -18 7 -19 7 -18 7 -18 7 -17 8 -17 8 -17 8 -16 8 -15 8 -15 8 -14 10 -13 10 -12 0 0 0 0 0 0 0 0 0 0 0 0 0 0 0 0 0 0 0 0 0 0 20 -15 21 -14 22 -12 23 -12 24 -10 24 -10 25 -9 26 -8 26 -7 26 -6 26 -6 26 -5 25 -5 25 -4 25 -5 24 -6 23 -6 23 -7 22 -8 21 -8 21 -9 21 -10 20 -11 20 -11 19 -12 19 -13 ]
CSI_DATA,AP,46:C6:EE:AC:4F:DC,-43,11,1,7,0,0,1,1,0,0,1,-96,1,6,0,85776821,0,115,0,0,85.9496,256,[115 -80 6 0 -13 -19 -13 -18 -14 -17 -15 -16 -16 -15 -17 -14 -17 -14 -18 -13 -18 -13 -19 -12 -19 -12 -19 -12 -19 -12 -19 -11 -18 -11 -19 -12 -18 -12 -18 -12 -17 -12 -16 -12 -15 -13 -14 -13 -13 -14 -12 -14 -10 -14 0 0 0 0 0 0 0 0 0 0 0 0 0 0 0 0 0 0 0 0 0 0 -12 -27 -10 -28 -8 -29 -7 -29 -5 -29 -4 -30 -4 -31 -3 -31 -2 -31 -1 -31 0 -30 1 -30 1 -29 1 -28 1 -28 0 -28 -1 -27 -2 -26 -3 -26 -4 -25 -5 -25 -6 -25 -7 -24 -8 -23 -9 -23 -9 -22 ]
CSI_DATA,AP,46:C6:EE:AC:4F:DC,-43,11,1,7,0,0,1,1,0,0,1,-96,1,6,0,85788932,0,115,0,0,85.9617,256,[115 -80 6 0 6 -22 4 -22 4 -22 2 -22 1 -22 0 -22 -1 -22 -2 -23 -3 -23 -3 -23 -4 -23 -4 -22 -4 -22 -4 -23 -4 -22 -4 -22 -2 -21 -2 -22 -1 -21 -1 -20 -1 -20 0 -20 1 -19 2 -18 4 -17 0 0 0 0 0 0 0 0 0 0 0 0 0 0 0 0 0 0 0 0 0 0 12 -27 14 -26 16 -25 17 -24 18 -23 19 -23 20 -23 22 -22 22 -21 22 -20 22 -20 22 -19 22 -19 21 -18 21 -18 21 -19 19 -18 18 -19 17 -18 16 -19 15 -20 15 -21 13 -21 12 -21 11 -22 10 -21 
]
CSI_DATA,AP,46:C6:EE:AC:4F:DC,-43,11,1,7,0,0,1,1,0,0,1,-96,1,6,0,86182643,0,116,0,0,86.3556,256,[116 -64 6 0 10 -16 9 -16 7 -16 6 -17 4 -16 3 -16 2 -16 1 -17 0 -17 -1 -17 -2 -17 -3 -16 -4 -16 -4 -16 -4 -17 -5 -16 -4 -16 -4 -17 -4 -16 -4 -16 -4 -16 -4 -16 -3 -15 -2 -16 -1 -15 0 0 0 0 0 0 0 0 0 0 0 0 0 0 0 0 0 0 0 0 0 0 19 -23 21 -22 22 -20 24 -19 24 -18 26 -18 27 -17 28 -16 28 -15 28 -14 28 -13 28 -12 27 -11 26 -11 26 -11 24 -11 24 -12 23 -12 22 -13 21 -13 20 -14 19 -15 18 -15 17 -15 16 -16 15 -16 ]
CSI_DATA,AP,46:C6:EE:AC:4F:DC,-43,11,1,7,0,0,1,1,0,0,1,-96,1,6,0,86195219,0,116,0,0,86.368,256,[116 -64 6 0 10 13 11 12 11 11 12 10 13 9 13 7 13 6 13 5 13 5 13 3 14 3 14 2 14 2 14 1 14 1 14 1 14 1 14 1 14 1 13 1 13 2 14 2 13 3 13 3 12 4 0 0 0 0 0 0 0 0 0 0 0 0 0 0 0 0 0 0 0 0 0 0 16 21 14 23 12 23 11 24 10 25 9 25 8 27 7 27 6 27 5 27 4 28 3 27 3 26 3 25 3 25 4 24 4 23 4 23 5 22 6 21 7 21 7 20 7 19 8 19 9 18 9 17 ]
CSI_DATA,AP,46:C6:EE:AC:4F:DC,-42,11,1,7,0,0,1,1,0,0,1,-96,1,6,0,86219238,0,121,0,0,86.392,256,[121 16 7 0 -18 -10 -18 -9 -17 -7 -18 -6 -18 -4 -17 -3 -17 -2 -17 -1 -14 -2 -17 1 -17 1 -16 2 -17 2 -16 3 -16 3 -16 3 -16 4 -16 3 -16 3 -16 3 -15 2 -15 2 -15 1 -15 1 -15 0 0 0 0 0 0 0 0 0 0 0 0 0 0 0 0 0 0 0 0 0 0 0 -26 -12 -26 -15 -24 -16 -24 -18 -22 -19 -23 -21 -22 -22 -22 -23 -20 -24 -19 -24 -19 -25 -18 -24 -18 -24 -17 -24 -17 -24 -16 -22 -16 -22 -16 -20 -17 -20 -17 -19 -18 -18 -18 -18 -18 -16 -19 -15 -19 -14 -19 -13 ]
CSI_DATA,AP,46:C6:EE:AC:4F:DC,-42,11,1,7,0,0,1,1,0,0,1,-96,1,6,0,86234709,0,121,0,0,86.4075,256,[121 16 7 0 12 -15 11 -15 10 -16 8 -16 8 -16 6 -16 5 -16 4 -16 3 -17 2 -17 1 -17 0 -16 0 -16 0 -17 -1 -17 -1 -16 -1 -16 -1 -17 0 -16 0 -16 -1 -15 0 -15 0 -15 1 -15 2 -14 0 0 0 0 0 0 0 0 0 0 0 0 0 0 0 0 0 0 0 0 0 0 18 -21 20 -20 21 -18 23 -18 23 -16 24 -16 26 -15 27 -14 27 -13 27 -12 27 -12 27 -11 27 -10 26 -10 26 -10 25 -10 24 -10 23 -10 22 -11 21 -11 21 -12 20 -13 19 -13 18 -14 17 -15 16 -14 ]       
CSI_DATA,AP,46:C6:EE:AC:4F:DC,-42,11,1,7,0,0,1,0,0,0,1,-96,0,6,0,86477914,0,94,0,0,86.6508,256,[94 96 5 0 -20 1 -19 2 -17 3 -17 4 -16 5 -14 6 -14 7 -13 8 -12 9 -12 10 -11 10 -11 10 -11 11 -10 11 -10 12 -10 11 -10 11 -10 11 -10 11 -10 11 -9 10 -9 10 -9 10 -10 10 -10 9 0 0 0 0 0 0 0 0 0 0 0 0 0 0 0 0 0 0 0 0 0 0 -26 3 -27 1 -28 -1 -28 -3 -28 -4 -28 -5 -29 -7 -29 -8 -28 -9 -29 -8 -30 -9 -28 -9 -28 -11 -26 -10 -26 -11 -26 -11 -25 -10 -24 -9 -24 -8 -25 -7 -24 -6 -24 -5 -23 -4 -23 -3 -23 -1 -22 -1 ] CSI_DATA,AP,46:C6:EE:AC:4F:DC,-43,11,1,7,0,0,1,1,0,0,1,-96,1,6,0,86478071,0,124,0,0,86.6589,256,[124 64 7 0 11 -15 10 -14 9 -15 7 -15 6 -15 4 -14 4 -15 2 -15 2 -15 1 -16 0 -15 -1 -15 -2 -15 -2 -15 -2 -15 -2 -14 -2 -14 -2 -15 -2 -15 -2 -14 -2 -14 -2 -14 -2 -14 -1 -14 0 -13 0 0 0 0 0 0 0 0 0 0 0 0 0 0 0 0 0 0 0 0 0 0 15 -20 17 -20 19 -18 20 -18 21 -16 22 -16 23 -16 24 -15 24 -13 27 -12 25 -13 25 -12 26 -10 24 -10 24 -10 23 -10 22 -11 21 -11 20 -11 20 -12 19 -12 18 -13 18 -13 17 -14 15 -14 15 -15 ]
CSI_DATA,AP,46:C6:EE:AC:4F:DC,-43,11,1,7,0,0,1,1,0,0,1,-96,1,6,0,86486100,0,114,0,0,86.6666,256,[114 -96 6 0 -20 -3 -19 -1 -18 -1 -17 0 -15 2 -15 2 -14 4 -15 5 -14 6 -13 7 -13 7 -13 8 -12 8 -12 9 -12 10 -11 9 -11 9 -12 10 -11 9 -11 9 -11 8 -11 8 -11 8 -11 8 -12 7 0 0 0 0 0 0 0 0 0 0 0 0 0 0 0 0 0 0 0 0 0 0 -28 -3 -29 -6 -28 -8 -29 -9 -28 -10 -28 -12 -28 -13 -28 -15 -27 -15 -27 -16 -26 -17 -26 -17 -25 -17 -24 -17 -24 -17 -24 -16 -23 -15 -23 -14 -22 -13 -22 -12 -23 -12 -23 -11 -22 -9 -22 -8 -22 -7 -21 -6 ]
CSI_DATA,AP,46:C6:EE:AC:4F:DC,-42,11,1,7,0,0,1,0,0,0,1,-96,0,6,0,86653935,0,94,0,0,86.8268,256,[94 96 5 0 -15 -16 -15 -14 -14 -13 -15 -12 -15 -10 -15 -9 -15 -8 -15 -7 -15 -6 -16 -5 -16 -4 -16 -3 -16 -3 -16 -3 -16 -2 -17 -2 -16 -2 -17 -2 -16 -2 -16 -2 -16 -3 -16 -3 -15 -4 -16 -4 -15 -5 0 0 0 0 0 0 0 0 0 0 0 0 0 0 0 0 0 0 0 0 0 0 -21 -16 -20 -19 -18 -20 -18 -21 -16 -22 -16 -23 -15 -25 -15 -25 -13 -25 -13 -26 -12 -26 -12 -26 -11 -26 -11 -25 -10 -26 -10 -25 -10 -24 -11 -24 -11 -23 -11 -22 -12 -23 -13 -22 -13 -21 -14 -20 -14 -20 -14 -19 ]
CSI_DATA,AP,46:C6:EE:AC:4F:DC,-47,11,1,7,0,0,1,1,0,0,1,-96,1,6,0,86768046,0,129,0,0,86.9408,256,[-127 -112 7 0 14 -7 12 -8 12 -9 10 -9 9 -10 8 -10 7 -10 5 -11 5 -12 4 -12 3 -12 2 -13 1 -13 1 -13 1 -14 1 -13 0 -14 1 -14 1 -14 1 -14 1 -13 1 -13 1 -13 2 -14 3 -13 0 0 0 0 0 0 0 0 0 0 0 0 0 0 0 0 0 0 0 0 0 0 26 -8 27 -4 28 -2 28 -1 28 0 28 1 28 2 29 3 28 3 28 4 27 5 27 5 26 5 25 5 25 4 24 3 23 2 23 2 21 0 21 0 21 -1 21 -2 20 -3 19 -4 18 -5 17 -6 ]
CSI_DATA,AP,46:C6:EE:AC:4F:DC,-47,11,1,7,0,0,1,1,0,0,1,-96,1,6,0,86768167,0,114,0,0,86.9483,256,[114 -96 6 0 -7 -15 -8 -14 -8 -13 -9 -12 -10 -10 -10 -9 -10 -8 -11 -7 -11 -6 -12 -6 -13 -5 -13 -4 -13 -4 -13 -3 -13 -3 -14 -3 -13 -2 -14 -3 -13 -3 -13 -3 -14 -3 -14 -4 -13 -4 -13 -4 -12 -5 0 0 0 0 0 0 0 0 0 0 0 0 0 0 0 0 0 0 0 0 0 0 -7 -27 -5 -28 -3 -28 -2 -29 -1 -29 0 -29 1 -30 2 -30 3 -29 4 -29 4 -28 4 -28 5 -27 5 -26 4 -26 4 -25 3 -24 2 -24 1 -22 0 -22 -1 -22 -2 -22 -3 -21 -3 -20 -4 -19 -5 -18 ]   
CSI_DATA,AP,46:C6:EE:AC:4F:DC,-49,11,1,7,0,0,1,1,0,0,1,-96,1,6,0,86788825,0,129,0,0,86.9616,256,[-127 -112 7 0 -3 -16 -4 -14 -4 -13 -5 -12 -6 -11 -7 -10 -8 -9 -8 -7 -9 -7 -10 -6 -11 -5 -11 -4 -11 -4 -12 -4 -12 -3 -13 -3 -12 -3 -13 -3 -13 -3 -12 -3 -13 -4 -13 -4 -13 -5 -12 -5 -12 -6 0 0 0 0 0 0 0 0 0 0 0 0 0 0 0 0 0 0 0 0 0 0 3 -32 5 -31 7 -31 9 -30 10 -30 11 -29 12 -30 13 -29 13 -28 14 -28 14 -27 14 -26 13 -25 13 -24 12 -24 11 -24 10 -23 9 -23 8 -22 6 -22 5 -22 5 -21 4 -21 2 -20 1 -19 0 -18 ]   
CSI_DATA,AP,46:C6:EE:AC:4F:DC,-49,11,1,7,0,0,1,1,0,0,1,-96,1,6,0,86788945,0,114,0,0,86.9696,256,[114 -96 6 0 -17 1 -15 2 -14 3 -13 4 -12 5 -10 6 -9 7 -8 8 -8 8 -7 9 -6 10 -5 9 -4 11 -4 12 -4 12 -4 12 -3 13 -4 13 -4 13 -4 13 -4 12 -4 12 -5 12 -6 13 -7 12 0 0 0 0 0 0 0 0 0 0 0 0 0 0 0 0 0 0 0 0 0 0 -33 -5 -33 -8 -32 -9 -32 -12 -31 -12 -32 -13 -32 -14 -31 -16 -30 -15 -29 -17 -28 -17 -28 -17 -26 -17 -25 -16 -25 -15 -25 -14 -25 -12 -24 -11 -23 -10 -23 -8 -23 -8 -23 -6 -22 -6 -21 -4 -20 -3 -19 -2 ]   
CSI_DATA,AP,46:C6:EE:AC:4F:DC,-50,11,1,3,0,0,1,1,0,0,0,-96,1,6,0,86895789,0,129,0,0,87.0687,256,[-127 -112 7 0 -15 1 -13 1 -11 2 -9 2 -7 3 -6 4 -5 4 -3 5 -3 5 -2 6 -1 6 0 6 0 7 0 8 1 8 0 7 0 8 0 9 0 8 -1 9 -1 8 -2 8 -3 7 -4 8 -5 7 0 0 0 0 0 0 0 0 0 0 0 0 0 0 0 0 0 0 0 0 0 0 -38 -8 -38 -11 -36 -12 -36 -13 -35 -13 -36 -14 -33 -13 -34 -14 -33 -14 -32 -14 -32 -14 -31 -15 -30 -13 -28 -13 -28 -11 -27 -10 -27 -9 -26 -8 -25 -7 -24 -6 -24 -5 -23 -4 -23 -3 -22 -2 -20 -2 -19 -1 ]
CSI_DATA,AP,46:C6:EE:AC:4F:DC,-48,11,1,6,0,0,1,1,0,0,0,-96,1,6,0,86906237,0,114,0,0,87.079,256,[114 -96 6 0 -20 -1 -19 0 -18 1 -17 2 -16 4 -15 4 -8 6 -13 7 -13 9 -9 11 -12 9 -11 10 -10 10 -10 11 -10 12 -10 11 -10 12 -11 13 -11 12 -11 12 -11 11 -12 11 -12 10 -14 10 -14 9 0 0 0 0 0 0 0 0 0 0 0 0 0 0 0 0 0 0 0 0 0 0 -32 -4 -32 -7 -31 -9 -30 -10 -29 -11 -30 -12 -30 -13 -29 -15 -28 -14 -28 -16 -28 -16 -27 -16 -26 -16 -25 -16 -25 -15 -25 -14 -25 -13 -24 -12 -24 -11 -24 -10 -24 -10 -24 -8 -23 -7 -23 -6 -23 -5 -22 -4 ]
CSI_DATA,AP,46:C6:EE:AC:4F:DC,-52,11,1,5,0,0,1,1,0,0,0,-96,1,6,0,86938659,0,129,0,0,87.1115,256,[-127 -112 7 0 -9 12 -6 9 -4 12 -4 10 -3 8 -1 8 -1 9 1 9 4 7 2 8 4 7 5 6 5 7 5 7 7 6 6 7 5 6 8 6 9 8 6 9 8 7 6 9 5 9 3 11 2 10 0 0 0 0 0 0 0 0 0 0 0 0 0 0 0 0 0 0 0 0 0 0 -41 19 -40 14 -39 12 -40 11 -39 10 -41 9 -41 8 -40 8 -39 6 -39 6 -37 6 -37 4 -37 5 -33 6 -33 5 -31 7 -29 6 -25 7 -27 9 -21 10 -23 11 -20 12 -20 12 -17 13 -16 10 -15 12 ]
CSI_DATA,AP,46:C6:EE:AC:4F:DC,-51,11,1,5,0,0,1,1,0,0,0,-96,1,6,0,86938786,0,114,0,0,87.1189,256,[114 -96 6 0 15 5 12 2 12 1 10 -1 9 -3 9 -5 7 -5 6 -5 6 -7 2 -8 5 -9 3 -8 3 -10 3 -9 4 -12 0 -7 2 -10 5 -10 4 -11 6 -11 4 -10 5 -9 6 -10 8 -10 9 -7 0 0 0 0 0 0 0 0 0 0 0 0 0 0 0 0 0 0 0 0 0 0 33 26 31 28 29 31 26 31 26 32 26 30 25 32 25 32 22 32 22 32 21 31 19 31 20 29 17 27 19 25 18 23 19 22 17 19 19 17 20 18 19 14 20 13 18 13 20 9 17 10 18 6 ]
CSI_DATA,AP,46:C6:EE:AC:4F:DC,-43,11,1,5,0,0,1,0,0,0,0,-96,0,6,0,87488489,0,94,0,0,87.6615,256,[94 96 5 0 -9 13 -8 14 -6 14 -6 15 -5 15 -4 15 -4 16 -3 15 -2 16 -2 16 -3 16 -1 15 -2 16 -2 16 -2 16 -2 15 -3 15 -3 15 -3 13 -4 13 -3 12 -4 12 -3 12 -5 11 -5 10 0 0 0 0 0 0 0 0 0 0 0 0 0 0 0 0 0 0 0 0 0 0 -18 19 -20 17 -19 13 -22 14 -21 13 -22 13 -22 14 -23 10 -23 9 -23 9 -20 8 -22 8 -22 8 -20 7 -21 9 -20 8 -20 8 -18 8 -17 9 -17 9 -16 10 -15 10 -14 11 -13 12 -12 12 -11 13 ]
CSI_DATA,AP,46:C6:EE:AC:4F:DC,-43,11,1,5,0,0,1,0,0,0,0,-96,0,6,0,87521843,0,94,0,0,87.6945,256,[94 96 5 0 -20 -4 -20 -2 -19 -1 -19 0 -19 1 -19 2 -18 3 -19 4 -18 5 -18 5 -19 5 -18 6 -18 6 -18 6 -18 6 -18 5 -18 5 -18 4 -17 4 -17 3 -16 2 -15 2 -14 1 -14 1 -14 0 0 0 0 0 0 0 0 0 0 0 0 0 0 0 0 0 0 0 0 0 0 0 -27 -12 -27 -14 -25 -16 -24 -17 -23 -17 -23 -18 -22 -19 -22 -20 -20 -20 -20 -20 -20 -20 -19 -20 -18 -19 -18 -19 -18 -19 -17 -18 -18 -17 -17 -15 -18 -15 -18 -14 -18 -13 -18 -12 -18 -10 -19 -9 -19 -8 -19 -7 ]
CSI_DATA,AP,46:C6:EE:AC:4F:DC,-43,11,1,5,0,0,1,1,0,0,0,-96,1,6,0,88119786,0,110,0,0,88.2927,256,[110 96 6 0 -19 -5 -19 -4 -19 -3 -19 -2 -19 -1 -19 0 -19 1 -19 2 -19 3 -19 4 -20 4 -19 4 -19 4 -19 4 -19 4 -19 3 -18 3 -18 3 -18 2 -17 2 -17 1 -16 1 -15 0 -15 0 -14 -1 0 0 0 0 0 0 0 0 0 0 0 0 0 0 0 0 0 0 0 0 0 0 -26 -16 -24 -18 -23 -19 -22 -20 -21 -21 -20 -21 -20 -22 -20 -23 -18 -23 -18 -23 -17 -23 -16 -23 -16 -22 -15 -22 -15 -22 -16 -21 -15 -19 -16 -18 -15 -17 -16 -16 -17 -15 -17 -14 -18 -13 -18 -12 
-18 -10 -18 -9 ]
CSI_DATA,AP,46:C6:EE:AC:4F:DC,-40,11,1,5,0,0,1,1,0,0,0,-96,1,6,0,88481052,0,124,0,0,88.6538,256,[124 64 7 0 13 -19 11 -19 11 -21 10 -20 9 -21 7 -21 7 -21 6 -22 6 -23 6 -23 6 -23 5 -22 5 -22 6 -23 6 -22 6 -22 7 -21 7 -21 8 -20 8 -19 7 -18 8 -17 8 -15 9 -15 10 -14 0 0 0 0 0 0 0 0 0 0 0 0 0 0 0 0 0 0 0 0 0 0 21 -20 22 -18 23 -16 24 -15 24 -14 25 -13 25 -13 26 -12 26 -11 26 -10 26 -10 26 -9 25 -9 25 -8 24 -9 23 -10 22 -10 22 -11 20 -11 20 -12 20 -13 19 -14 18 -15 17 -15 16 -16 16 -17 ]
CSI_DATA,AP,46:C6:EE:AC:4F:DC,-41,11,1,5,0,0,1,0,0,0,0,-96,0,6,0,88485645,0,94,0,0,88.6618,256,[94 96 5 0 -22 -1 -22 0 -21 1 -21 2 -21 3 -21 4 -20 5 -21 6 -21 7 -21 7 -21 7 -21 7 -21 7 -21 7 -21 7 -20 6 -20 6 -21 5 -20 4 -19 4 -18 2 -18 2 -17 1 -17 1 -16 0 0 0 0 0 0 0 0 0 0 0 0 0 0 0 0 0 0 0 0 0 0 0 -27 -7 -27 -10 -26 -11 -25 -12 -24 -13 -24 -14 -24 -14 -24 -15 -23 -15 -22 -16 -22 -16 -21 -16 -21 -16 -20 -16 -20 -15 -20 -14 -20 -13 -20 -12 -20 -11 -20 -10 -21 -9 -21 -8 -21 -7 -22 -6 -22 -5 -22 -4 ]
CSI_DATA,AP,46:C6:EE:AC:4F:DC,-41,11,1,5,0,0,1,1,0,0,0,-96,1,6,0,88490709,0,114,0,0,88.6704,256,[114 -96 6 0 3 21 4 20 4 20 5 20 7 20 7 19 8 19 9 19 9 19 9 19 10 19 10 18 10 19 9 19 9 19 9 19 8 18 7 19 6 18 5 17 5 17 4 17 3 16 2 16 1 15 0 0 0 0 0 0 0 0 0 0 0 0 0 0 0 0 0 0 0 0 0 0 -1 27 -4 27 -5 27 -7 26 -8 25 -8 25 -10 26 -11 26 -11 25 -12 24 -12 24 -12 23 -12 22 -12 22 -11 22 -11 22 -10 21 -9 21 -8 20 -7 21 -6 21 -4 21 -4 21 -2 21 -1 21 0 21 ]
CSI_DATA,AP,46:C6:EE:AC:4F:DC,-41,11,1,6,0,0,1,0,0,0,0,-96,0,6,0,88493666,0,94,0,0,88.6777,256,[94 96 5 0 -6 -22 -7 -22 -7 -22 -9 -21 -10 -21 -11 -20 -11 -20 -12 -20 -12 -20 -13 -20 -14 -20 -14 -19 -14 -19 -13 -20 -13 -20 -13 -20 -11 -19 -11 -20 -10 -19 -9 -19 -9 -18 -7 -18 -7 -17 -5 -17 -4 -17 0 0 0 0 0 0 0 0 0 0 0 0 0 0 0 0 0 0 0 0 0 0 0 -30 3 -30 4 -30 6 -29 7 -29 8 -28 8 -28 10 -28 10 -27 11 -27 11 -26 12 -26 11 -25 11 -24 10 -24 9 -24 8 -24 7 -24 6 -23 5 -23 4 -24 2 -24 2 -24 0 -23 -1 -23 -2 -23 ]
CSI_DATA,AP,46:C6:EE:AC:4F:DC,-41,11,1,5,0,0,1,0,0,0,0,-96,0,6,0,89495691,0,94,0,0,89.6687,256,[94 96 5 0 -20 -16 -21 -16 -21 -15 -23 -15 -23 -14 -23 -14 -24 -13 -24 -13 -24 -13 -25 -13 -26 -13 -25 -13 -25 -13 -24 -14 -24 -14 -23 -14 -22 -14 -22 -15 -21 -15 -20 -15 -19 -16 -18 -16 -17 -16 -16 -17 -15 -17 0 0 0 0 0 0 0 0 0 0 0 0 0 0 0 0 0 0 0 0 0 0 -13 -18 -11 -19 -10 -19 -10 -20 -9 -19 -9 -20 -8 -21 -8 -22 -8 -21 -8 -21 -7 -22 -7 -21 -7 -21 -7 -21 -7 -22 -8 -21 -8 -21 -9 -20 -10 -20 -11 -19 -12 
-19 -13 -19 -14 -18 -15 -18 -17 -17 -17 -17 ]
CSI_DATA,AP,46:C6:EE:AC:4F:DC,-41,11,1,5,0,0,1,0,0,0,0,-96,0,6,0,89594848,0,94,0,0,89.7677,256,[94 96 5 0 11 -24 10 -24 10 -25 9 -25 9 -25 8 -26 7 -26 8 -26 7 -27 7 -27 6 -26 7 -27 7 -27 8 -26 8 -26 8 -25 10 -24 11 -26 11 -23 11 -22 11 -21 12 -20 12 -20 13 -19 14 -17 0 0 0 0 0 0 0 0 0 0 0 0 0 0 0 0 0 0 0 0 0 0 12 -16 13 -16 13 -16 14 -14 14 -14 16 -13 17 -12 16 -13 17 -12 17 -13 18 -12 18 -12 19 -12 18 -11 18 -12 17 -13 17 -13 16 -13 15 -14 15 -16 15 -16 14 -17 14 -18 13 -19 13 -20 12 -21 ]     
CSI_DATA,AP,46:C6:EE:AC:4F:DC,-40,11,1,5,0,0,1,0,0,0,0,-96,0,6,0,90506101,0,94,0,0,90.679,256,[94 96 5 0 14 -16 14 -17 13 -18 12 -18 12 -19 11 -19 11 -20 10 -20 10 -21 9 -21 9 -21 8 -21 8 -21 9 -21 9 -20 8 -20 9 -19 9 -19 10 -19 10 -18 9 -17 9 -17 9 -16 10 -16 11 -14 0 0 0 0 0 0 0 0 0 0 0 0 0 0 0 0 0 0 0 0 0 0 22 -16 24 -14 24 -12 25 -11 25 -10 26 -9 26 -8 27 -7 26 -6 26 -5 26 -5 26 -5 27 -3 27 -4 22 -2 22 -3 22 -5 21 -6 20 -7 20 -7 20 -9 20 -10 19 -11 18 -12 17 -13 17 -14 ]
CSI_DATA,AP,46:C6:EE:AC:4F:DC,-40,11,1,5,0,0,1,1,0,0,0,-96,1,6,0,90513689,0,219,0,0,90.6875,256,[-37 48 13 0 -7 -18 -8 -17 -8 -18 -9 -17 -10 -17 -11 -16 -11 -16 -12 -15 -12 -16 -13 -16 -13 -15 -13 -15 -13 -15 -13 -14 -12 -15 -12 -15 -11 -14 -12 -15 -11 -14 -10 -14 -9 -14 -10 -13 -9 -14 -8 -14 -7 -13 0 0 0 0 0 0 0 0 0 0 0 0 0 0 0 0 0 0 0 0 0 0 -3 -24 -1 -24 1 -25 2 -25 3 -24 3 -24 4 -24 6 -24 5 -23 7 -23 8 -22 8 -22 7 -21 7 -21 7 -21 6 -20 5 -19 4 -19 3 -19 2 -19 0 -20 0 -19 -1 -19 -2 -19 -3 -19 
-4 -19 ]
CSI_DATA,AP,46:C6:EE:AC:4F:DC,-41,11,1,6,0,0,1,1,0,0,0,-96,1,6,0,90563091,0,114,0,0,90.7359,256,[114 -96 6 0 17 -12 16 -13 16 -14 15 -15 15 -16 14 -16 14 -17 13 -18 13 -18 13 -19 13 -19 12 -18 12 -18 12 -19 12 -18 13 -18 13 -17 13 -17 13 -17 13 -16 12 -14 12 -14 12 -14 13 -13 13 -12 0 0 0 0 0 0 0 0 0 0 0 0 0 0 0 0 0 0 0 0 0 0 26 -9 27 -6 27 -5 27 -3 27 -2 27 -1 28 0 28 2 27 2 26 3 26 3 25 3 24 4 23 3 23 3 22 2 21 1 21 0 20 -1 20 -1 21 -3 20 -4 20 -5 19 -7 19 -8 19 -9 ]
CSI_DATA,AP,46:C6:EE:AC:4F:DC,-43,11,1,5,0,0,1,0,0,0,0,-96,0,6,0,90713668,0,94,0,0,90.8865,256,[94 96 5 0 -7 -21 -8 -22 -8 -21 -10 -22 -10 -21 -11 -21 -11 -21 -12 -21 -13 -21 -13 -21 -14 -21 -14 -20 -14 -21 -13 -21 -12 -21 -12 -20 -11 -21 -10 -21 -9 -21 -8 -20 -8 -19 -7 -19 -7 -18 -6 -18 -4 -18 0 0 0 0 0 0 0 0 0 0 0 0 0 0 0 0 0 0 0 0 0 0 0 -29 2 -29 4 -28 6 -28 7 -27 8 -27 9 -27 10 -27 11 -25 11 -25 11 -24 11 -24 11 -23 10 -22 10 -22 9 -22 8 -21 7 -21 6 -21 5 -20 4 -21 2 -21 1 -21 -1 -21 -2 -21 
-4 -21 ]
CSI_DATA,AP,46:C6:EE:AC:4F:DC,-39,11,1,5,0,0,1,1,0,0,0,-96,1,6,0,91015443,0,114,0,0,91.1883,256,[114 -96 6 0 0 20 1 20 1 20 2 21 3 21 3 21 3 21 4 22 4 22 4 22 4 22 4 21 4 22 4 23 4 22 3 23 3 22 1 23 1 21 -1 21 0 20 -1 20 -2 19 -3 19 -5 18 0 0 0 0 0 0 0 0 0 0 0 0 0 0 0 0 0 0 0 0 0 0 -7 18 -9 18 -9 17 -10 16 -11 16 -11 16 -12 16 -12 16 -12 14 -13 14 -12 14 -12 14 -12 13 -12 13 -11 14 -11 15 -10 13 -9 15 -8 14 -7 15 -6 16 -5 16 -5 18 -3 17 -3 18 -1 19 ]
CSI_DATA,AP,46:C6:EE:AC:4F:DC,-39,11,1,5,0,0,1,1,0,0,0,-96,1,6,0,91015573,0,129,0,0,91.196,256,[-127 -112 7 0 20 -9 20 -10 21 -11 21 -11 21 -12 21 -12 20 -13 20 -14 21 -15 21 -15 21 -15 20 -14 20 -13 21 -14 22 -13 22 -13 22 -12 23 -12 22 -11 21 -10 21 -8 21 -7 21 -7 21 -6 21 -4 0 0 0 0 0 0 0 0 0 0 0 0 0 0 0 0 0 0 0 0 0 0 21 -1 22 1 21 2 20 4 20 4 21 5 20 6 20 6 20 7 20 6 19 6 19 6 19 6 18 6 18 6 18 5 18 3 19 3 17 1 19 0 18 -1 19 -2 19 -3 20 -4 20 -6 20 -6 ]
CSI_DATA,AP,46:C6:EE:AC:4F:DC,-39,11,1,5,0,0,1,1,0,0,0,-96,1,6,0,91035515,0,114,0,0,91.2083,256,[114 -96 6 0 20 -10 20 -11 20 -11 20 -12 20 -13 19 -13 20 -13 19 -15 20 -15 20 -16 20 -16 19 -16 20 -14 20 -15 21 -15 20 -14 21 -13 21 -12 21 -12 21 -11 20 -9 20 -8 20 -8 21 -7 21 -5 0 0 0 0 0 0 0 0 0 0 0 0 0 0 0 0 0 0 0 0 0 0 21 -2 21 0 20 1 20 2 19 3 19 3 19 4 19 4 19 4 19 5 18 5 19 5 18 4 18 4 18 4 17 3 18 2 18 1 17 1 17 0 18 -1 18 -3 19 -4 19 -5 19 -7 20 -8 ]
CSI_DATA,AP,46:C6:EE:AC:4F:DC,-39,11,1,5,0,0,1,1,0,0,0,-96,1,6,0,91035645,0,129,0,0,91.2159,256,[-127 -112 7 0 -20 -12 -21 -12 -21 -11 -22 -11 -23 -11 -22 -10 -23 -10 -24 -9 -24 -9 -24 -8 -25 -9 -24 -9 -24 -9 -24 -9 -24 -10 -24 -10 -23 -11 -23 -11 -22 -12 -21 -12 -20 -12 -19 -13 -19 -14 -18 -14 -16 -15 0 0 0 0 0 0 0 0 0 0 0 0 0 0 0 0 0 0 0 0 0 0 -13 -18 -12 -19 -10 -19 -9 -19 -8 -19 -8 -20 -8 -20 -7 -20 -6 -20 -6 -20 -6 -19 -6 -19 -6 -18 -7 -18 -7 -18 -7 -18 -8 -17 -9 -16 -10 -16 -11 -15 -12 -16 -12 -14 -14 -14 -15 -14 -16 -13 -17 -13 ]
CSI_DATA,AP,46:C6:EE:AC:4F:DC,-39,11,1,6,0,0,1,1,0,0,0,-96,1,6,0,91077506,0,114,0,0,91.2504,256,[114 -96 6 0 1 23 1 23 2 23 2 24 2 25 3 23 4 23 4 24 4 25 4 26 5 25 4 25 4 25 4 25 3 25 3 24 1 25 0 25 0 24 -1 23 -1 22 -2 22 -2 21 -4 22 -5 21 0 0 0 0 0 0 0 0 0 0 0 0 0 0 0 0 0 0 0 0 0 0 -7 18 -9 18 -9 17 -11 16 -11 16 -11 15 -12 15 -13 16 -12 15 -12 14 -12 14 -12 14 -12 14 -11 14 -11 14 -10 15 -10 15 -8 15 -8 15 -7 17 -6 17 -4 17 -3 20 -4 21 -2 20 -2 21 ]
CSI_DATA,AP,46:C6:EE:AC:4F:DC,-40,11,1,6,0,0,1,1,0,0,0,-96,1,6,0,91077826,0,129,0,0,91.258,256,[-127 -112 7 0 21 -6 21 -7 21 -8 22 -8 21 -8 21 -9 21 -10 21 -10 22 -11 21 -12 22 -11 21 -11 23 -11 22 -9 22 -10 22 -8 22 -7 23 -7 22 -6 22 -6 21 -4 21 -4 20 -3 21 -2 20 -1 0 0 0 0 0 0 0 0 0 0 0 0 0 0 0 0 0 0 0 0 0 0 18 1 19 3 17 4 18 5 17 5 17 6 17 7 17 6 16 7 16 7 16 6 16 7 16 6 16 6 16 6 15 5 16 4 15 3 17 3 16 2 17 1 17 0 18 -2 19 -2 17 -4 19 -4 ]
CSI_DATA,AP,46:C6:EE:AC:4F:DC,-39,11,1,6,0,0,1,1,0,0,0,-96,1,6,0,91099623,0,129,0,0,91.2724,256,[-127 -112 7 0 21 -12 19 -10 21 -13 19 -13 21 -15 19 -13 20 -15 19 -14 21 -17 19 -15 20 -17 20 -14 19 -16 21 -15 20 -15 21 -13 19 -13 21 -13 20 -13 20 -11 19 -11 21 -10 20 -8 21 -7 20 -5 0 0 0 0 0 0 0 0 0 0 0 0 0 0 0 0 0 0 0 0 0 0 19 -1 19 0 18 1 19 1 17 2 18 3 18 4 19 4 17 4 18 4 18 5 17 4 17 4 17 2 17 3 17 1 17 1 17 0 17 0 16 -2 18 -3 18 -5 20 -5 19 -7 20 -8 18 -8 ]
CSI_DATA,AP,46:C6:EE:AC:4F:DC,-38,11,1,6,0,0,1,1,0,0,0,-96,1,6,0,91100535,0,114,0,0,91.2801,256,[114 -96 6 0 -25 -7 -26 -7 -25 -6 -27 -6 -28 -5 -27 -5 -27 -4 -27 -4 -28 -4 -28 -3 -29 -4 -28 -4 -28 -3 -28 -4 -27 -5 -27 -6 -27 -7 -27 -7 -26 -8 -25 -8 -24 -9 -24 -10 -22 -11 -22 -11 -21 -13 0 0 0 0 0 0 0 0 0 0 0 0 0 0 0 0 0 0 0 0 0 0 -18 -11 -17 -13 -16 -14 -16 -14 -15 -14 -15 -15 -15 -16 -14 -16 -14 -16 -14 -16 -14 -16 -13 -17 -13 -16 -13 -15 -14 -15 -15 -14 -15 -14 -15 -13 -16 -13 -17 -11 -18 -11 -19 -10 -20 -10 -21 -9 -22 -9 -23 -8 ]
CSI_DATA,AP,14:85:7F:82:8E:F8,-79,11,0,0,0,0,0,0,0,0,0,-96,0,6,0,91441897,0,222,0,0,91.6151,128,[-34 -32 13 0 -14 25 -18 30 -19 24 -19 23 -20 28 -21 29 -17 22 -22 24 -20 25 -19 26 -19 18 -20 23 -18 24 -11 19 -14 18 -11 18 -8 11 -5 13 -8 9 -4 10 -3 11 -2 10 0 13 0 10 3 11 0 0 0 0 0 0 0 0 0 0 0 0 0 0 0 0 0 0 0 0 0 0 -21 17 -19 15 -21 12 -24 10 -23 14 -17 15 -24 11 -19 14 -17 14 -21 16 -20 14 -21 20 -25 13 -22 14 -25 11 -23 11 -19 10 -12 8 -18 6 -17 8 -15 10 -10 10 -9 12 -6 12 -8 20 -7 18 ]      CSI_DATA,AP,46:C6:EE:AC:4F:DC,-41,11,1,6,0,0,1,1,0,0,0,-96,1,6,0,91503928,0,124,0,0,91.6768,256,[124 64 7 0 -27 -3 -28 -3 -27 -2 -28 -2 -29 -1 -29 -1 -29 0 -30 0 -30 0 -30 1 -31 0 -31 0 -31 0 -30 -1 -30 -1 -30 -2 -29 -3 -30 -4 -28 -5 -27 -5 -27 -6 -27 -7 -25 -8 -25 -9 -24 -10 0 0 0 0 0 0 0 0 0 0 0 0 0 0 0 0 0 0 0 0 0 0 -11 -14 -10 -14 -9 -14 -9 -14 -9 -14 -9 -14 -9 -14 -9 -14 -9 -13 -10 -13 -9 -13 -10 -13 -10 -12 -11 -12 -12 -11 -12 -11 -13 -10 -14 -9 -15 -9 -16 -8 -18 -7 -19 -7 -20 -6 -21 -6 -23 -5 -24 -4 ]
CSI_DATA,AP,46:C6:EE:AC:4F:DC,-41,11,1,7,0,0,1,0,0,0,0,-96,0,6,0,91505590,0,102,0,0,91.6852,256,[102 -32 5 0 -23 1 -24 2 -24 2 -25 3 -25 3 -24 4 -25 4 -25 4 -25 5 -26 5 -26 5 -26 5 -26 5 -26 4 -26 3 -26 3 -26 2 -26 1 -25 1 -24 0 -23 -1 -23 -1 -23 -2 -23 -3 -22 -4 0 0 0 0 0 0 0 0 0 0 0 0 0 0 0 0 0 0 0 0 0 0 -11 -10 -11 -11 -10 -11 -10 -11 -9 -10 -9 -11 -9 -11 -9 -11 -9 -10 -10 -10 -10 -10 -10 -9 -11 -9 -11 -8 -12 -8 -12 -8 -13 -7 -13 -6 -14 -6 -15 -4 -16 -4 -17 -3 -18 -2 -19 -2 -20 -1 -20 0 ]    
CSI_DATA,AP,46:C6:EE:AC:4F:DC,-43,11,1,6,0,0,1,0,0,0,0,-96,0,6,0,91710439,0,102,0,0,91.8832,256,[102 -32 5 0 -10 21 -10 22 -10 23 -10 24 -10 25 -9 25 -9 25 -10 26 -10 27 -9 27 -9 27 -9 27 -10 27 -11 27 -11 27 -12 26 -13 26 -14 26 -14 25 -14 23 -14 22 -15 21 -15 21 -17 20 -17 18 0 0 0 0 0 0 0 0 0 0 0 0 0 0 0 0 0 0 0 0 0 0 -17 -1 -17 -2 -16 -3 -15 -4 -14 -3 -14 -3 -14 -3 -14 -3 -12 -3 -13 -2 -12 -1 -12 0 -17 -2 -13 0 -12 5 -6 2 -11 4 -10 5 -10 7 -10 8 -10 10 -10 11 -10 13 -10 15 -10 16 -10 18 ] CSI_DATA,AP,14:85:7F:81:BF:55,-79,11,0,0,0,0,0,0,0,0,0,-96,0,6,0,92437673,0,222,0,0,92.6109,128,[-34 -32 13 0 17 -7 14 -4 21 -6 17 -7 12 -8 11 -13 11 -9 12 -11 7 -8 10 -15 0 -12 3 -12 -6 -15 -3 -14 -2 -13 -2 -14 -5 -13 1 -14 -2 -10 2 -13 1 -12 5 -7 3 -5 8 -1 7 3 0 0 0 0 0 0 0 0 0 0 0 0 0 0 0 0 0 0 0 0 0 0 -3 8 -4 9 -3 10 -3 19 -6 18 -7 21 -5 25 -8 23 -9 26 -9 33 -13 36 -11 40 -16 41 -13 38 -12 35 -9 39 -13 35 -16 30 -11 29 -10 27 -9 19 -8 14 -2 10 -1 5 7 2 10 -1 ]
CSI_DATA,AP,46:C6:EE:AC:4F:DC,-43,11,1,6,0,0,1,1,0,0,0,-96,1,6,0,92510620,0,114,0,0,92.6835,256,[114 -96 6 0 25 7 26 7 26 6 27 7 27 6 26 6 26 6 26 5 26 5 27 4 27 5 26 5 26 5 25 6 25 6 24 6 23 7 23 7 22 7 21 7 20 8 20 7 19 8 19 8 18 9 0 0 0 0 0 0 0 0 0 0 0 0 0 0 0 0 0 0 0 0 0 0 1 5 1 5 1 4 2 4 2 4 3 4 4 4 5 4 5 5 6 5 7 5 8 5 9 5 10 5 11 6 12 6 13 6 14 6 15 6 16 6 18 5 19 6 20 6 21 6 23 6 23 6 ]    
CSI_DATA,AP,46:C6:EE:AC:4F:DC,-43,11,1,6,0,0,1,0,0,0,0,-96,0,6,0,92510779,0,94,0,0,92.6905,256,[94 96 5 0 -24 17 -24 17 -24 18 -24 18 -24 18 -23 18 -23 18 -23 19 -24 19 -23 19 -23 18 -23 18 -23 17 -23 17 -23 17 -23 15 -22 14 -23 14 -22 13 -22 12 -21 11 -21 10 -21 10 -21 9 -21 7 0 0 0 0 0 0 0 0 0 0 0 0 0 0 0 0 0 0 0 0 0 0 -6 -3 -6 -2 -6 -2 -6 -1 -6 -1 -7 0 -7 1 -8 1 -8 2 -9 2 -10 3 -11 3 -11 4 -12 5 -13 6 -14 7 -14 8 -14 9 -15 9 -16 11 -18 12 -18 12 -19 13 -20 15 -20 15 -21 16 ]
CSI_DATA,AP,46:C6:EE:AC:4F:DC,-43,11,1,6,0,0,1,1,0,0,0,-96,1,6,0,92538906,0,119,0,0,92.7117,256,[119 -16 6 0 4 -29 4 -30 5 -30 5 -30 4 -31 3 -30 4 -30 3 -30 3 -31 4 -31 3 -30 3 -29 3 -29 5 -29 5 -28 5 -28 6 -27 6 -27 6 -26 6 -24 6 -23 7 -23 7 -22 9 -22 9 -20 0 0 0 0 0 0 0 0 0 0 0 0 0 0 0 0 0 0 0 0 0 0 5 -2 4 -2 4 -3 4 -3 3 -4 3 -5 3 -6 3 -7 3 -8 4 -9 3 -9 4 -11 4 -11 4 -12 4 -14 4 -15 4 -16 4 -17 4 -18 4 -19 3 -21 3 -22 4 -24 4 -25 4 -26 4 -27 ]
CSI_DATA,AP,46:C6:EE:AC:4F:DC,-43,11,1,6,0,0,1,1,0,0,0,-96,1,6,0,92561359,0,119,0,0,92.7342,256,[119 -16 6 0 -15 28 -15 28 -16 29 -15 29 -15 29 -14 29 -14 29 -13 30 -14 30 -14 29 -14 29 -14 28 -13 28 -14 28 -13 27 -14 27 -14 25 -14 25 -14 24 -14 23 -13 22 -14 21 -14 20 -15 19 -16 18 0 0 0 0 0 0 0 0 0 0 0 0 0 0 0 0 0 0 0 0 0 0 -6 -1 -5 -1 -5 0 -5 1 -5 2 -5 2 -6 4 -6 5 -7 6 -7 6 -8 7 -9 8 -9 9 -10 10 -10 11 -11 13 -11 14 -11 15 -11 16 -11 18 -12 19 -12 21 -13 22 -14 23 -14 24 -14 26 ]
CSI_DATA,AP,46:C6:EE:AC:4F:DC,-45,11,1,6,0,0,1,1,0,0,0,-96,1,6,0,92581011,0,119,0,0,92.7539,256,[119 -16 6 0 -8 -24 -9 -25 -8 -24 -9 -25 -9 -25 -10 -24 -9 -24 -10 -24 -10 -24 -10 -24 -10 -24 -9 -23 -10 -23 -9 -23 -8 -23 -8 -22 -7 -22 -7 -22 -7 -21 -6 -20 -6 -20 -5 -20 -4 -19 -4 -19 -2 -19 0 0 0 0 0 0 0 0 0 0 0 0 0 0 0 0 0 0 0 0 0 0 3 -3 2 -3 2 -3 1 -4 1 -4 0 -5 0 -6 0 -6 0 -7 -1 -8 -1 -9 -1 -10 -1 -10 -1 -11 -2 -12 -2 -13 -3 -14 -3 -15 -4 -16 -5 -16 -5 -17 -6 -18 -6 -19 -6 -20 -7 -21 -7 -22 ]   
CSI_DATA,AP,46:C6:EE:AC:4F:DC,-44,11,1,6,0,0,1,1,0,0,0,-96,1,6,0,92594858,0,119,0,0,92.7676,256,[119 -16 6 0 -21 -21 -21 -21 -21 -22 -22 -22 -22 -21 -22 -20 -22 -20 -22 -20 -22 -20 -23 -20 -23 -20 -22 -19 -22 -19 -21 -19 -20 -19 -20 -19 -19 -19 -19 -19 -18 -19 -17 -18 -16 -18 -15 -18 -15 -18 -14 -18 -12 -18 0 0 0 0 0 0 0 0 0 0 0 0 0 0 0 0 0 0 0 0 0 0 2 -5 1 -5 1 -4 0 -5 -1 -5 -1 -5 -2 -6 -3 -7 -4 -7 -4 -8 -5 -9 -6 -9 -6 -10 -7 -11 -8 -12 -9 -13 -9 -13 -11 -14 -11 -14 -12 -15 -14 -16 -15 -17 -16 -17 -17 -18 -18 -19 -18 -19 ]
CSI_DATA,AP,46:C6:EE:AC:4F:DC,-44,11,1,6,0,0,1,0,0,0,0,-96,0,6,0,92876702,0,94,0,0,93.0495,256,[94 96 5 0 14 -28 14 -29 15 -30 15 -30 15 -30 14 -30 14 -30 14 -31 14 -32 13 -32 14 -32 13 -31 13 -31 14 -31 14 -30 14 -29 15 -27 15 -28 15 -26 14 -25 14 -24 15 -23 14 -22 15 -22 16 -20 0 0 0 0 0 0 0 0 0 0 0 0 0 0 0 0 0 0 0 0 0 0 5 5 4 5 4 4 3 3 3 2 3 1 3 0 4 -1 4 -2 5 -3 5 -4 6 -5 6 -6 7 -7 7 -8 8 -10 8 -11 9 -13 9 -14 10 -15 10 -17 11 -19 12 -21 12 -22 13 -23 13 -25 ]
CSI_DATA,AP,4C:79:6E:D9:0D:19,-77,11,0,0,0,0,0,0,0,0,0,-96,0,6,0,93049289,0,144,0,0,93.2224,128,[-112 0 9 0 7 -7 10 -10 8 -11 11 -11 12 -12 10 -16 13 -19 11 -16 14 -18 15 -19 11 -24 11 -20 12 -20 13 -17 11 -18 8 -20 9 -14 5 -15 5 -11 7 -10 5 -16 2 -14 6 -16 5 -14 9 -16 0 0 0 0 0 0 0 0 0 0 0 0 0 0 0 0 0 0 0 0 0 0 11 9 9 8 12 13 14 14 14 11 12 13 13 14 10 14 14 20 12 18 15 25 14 25 15 27 13 22 11 23 14 26 9 23 6 21 7 19 5 17 7 13 5 14 3 7 8 8 6 5 5 2 ]
CSI_DATA,AP,46:C6:EE:AC:4F:DC,-42,11,1,7,0,0,1,1,0,0,0,-96,1,6,0,96048827,0,110,0,0,96.2217,256,[110 96 6 0 -11 -20 -11 -19 -11 -17 -11 -17 -12 -15 -12 -14 -12 -13 -12 -12 -12 -11 -13 -10 -13 -10 -13 -9 -13 -8 -13 -7 -13 -7 -13 -7 -13 -6 -13 -6 -13 -6 -13 -5 -12 -6 -12 -6 -12 -6 -12 -6 -12 -6 0 0 0 0 0 0 0 0 0 0 0 0 0 0 0 0 0 0 0 0 0 0 -17 -18 -16 -20 -15 -21 -14 -23 -13 -23 -13 -25 -12 -26 -11 -27 -10 -27 -9 -28 -8 -28 -8 -28 -7 -28 -6 -28 -6 -29 -7 -28 -6 -27 -6 -27 -7 -26 -7 -25 -8 -26 -9 -25 -9 -24 -9 -24 -10 -24 -10 -23 ]
CSI_DATA,AP,46:C6:EE:AC:4F:DC,-34,11,1,6,0,0,1,1,0,0,0,-96,1,6,0,96292870,0,116,0,0,96.4656,256,[116 -64 6 0 0 -23 0 -23 0 -22 -1 -21 -2 -21 -3 -20 -4 -19 -5 -19 -5 -19 -6 -18 -6 -18 -7 -18 -7 -18 -7 -17 -7 -17 -7 -17 -6 -17 -7 -17 -6 -17 -6 -16 -6 -16 -5 -17 -5 -16 -4 -16 -3 -16 0 0 0 0 0 0 0 0 0 0 0 0 0 0 0 0 0 0 0 0 0 0 -5 -20 -3 -21 -2 -21 -1 -22 0 -22 1 -23 2 -24 3 -24 4 -24 5 -24 6 -25 6 -25 7 -24 8 -24 8 -25 8 -24 7 -24 7 -24 7 -24 6 -24 6 -25 5 -24 5 -25 4 -24 3 -24 3 -24 ]
CSI_DATA,AP,46:C6:EE:AC:4F:DC,-34,11,1,6,0,0,1,1,0,0,0,-96,1,6,0,96305821,0,116,0,0,96.4786,256,[116 -64 6 0 -20 -11 -20 -11 -19 -9 -19 -9 -19 -7 -19 -6 -19 -5 -19 -4 -18 -4 -19 -3 -19 -3 -18 -2 -19 -1 -18 -1 -18 -1 -18 -1 -17 -1 -18 -1 -17 -1 -17 -1 -17 -2 -16 -2 -16 -3 -16 -3 -15 -4 0 0 0 0 0 0 0 0 0 0 0 0 0 0 0 0 0 0 0 0 0 0 -19 -5 -19 -7 -19 -9 -20 -10 -19 -11 -20 -12 -20 -13 -20 -14 -19 -14 -19 -15 -19 -17 -19 -17 -19 -18 -18 -18 -18 -19 -18 -18 -18 -18 -18 -17 -19 -17 -19 -16 -20 -16 -20 -15 -20 -15 -20 -15 -20 -14 -20 -14 ]
CSI_DATA,AP,46:C6:EE:AC:4F:DC,-35,11,1,6,0,0,1,1,0,0,0,-96,1,6,0,96341425,0,121,0,0,96.5142,256,[121 16 7 0 6 24 6 24 7 22 8 22 9 20 9 18 9 18 9 18 11 17 11 16 13 16 12 15 13 15 12 14 12 15 12 15 11 14 12 15 11 14 10 14 10 14 10 15 10 14 9 14 7 15 0 0 0 0 0 0 0 0 0 0 0 0 0 0 0 0 0 0 0 0 0 0 12 18 10 20 9 20 8 22 7 22 7 24 5 25 5 27 4 27 3 27 3 28 2 28 1 28 0 28 0 28 -1 28 0 28 0 27 1 27 1 27 1 27 2 27 3 27 4 27 5 26 5 26 ]
CSI_DATA,AP,46:C6:EE:AC:4F:DC,-36,11,1,6,0,0,1,1,0,0,0,-96,1,6,0,96352952,0,121,0,0,96.5257,256,[121 16 7 0 -14 -18 -14 -17 -13 -16 -14 -15 -14 -14 -15 -13 -14 -12 -15 -11 -15 -11 -15 -10 -16 -9 -16 -9 -16 -8 -16 -8 -16 -8 -16 -8 -15 -8 -15 -8 -15 -8 -14 -7 -14 -8 -14 -9 -14 -9 -13 -9 -12 -9 0 0 0 0 0 0 0 0 0 0 0 0 0 0 0 0 0 0 0 0 0 0 -16 -12 -15 -13 -15 -15 -14 -16 -14 -16 -14 -18 -14 -19 -13 -20 -12 -20 -12 -21 -11 -22 -11 -22 -10 -23 -10 -23 -10 -23 -9 -23 -10 -23 -10 -22 -10 -22 -11 -21 -11 -22 -11 -22 -12 -21 -12 -21 -13 -20 -13 -19 ]
CSI_DATA,AP,46:C6:EE:AC:4F:DC,-38,11,1,7,0,0,1,1,0,0,0,-96,2,6,0,99194900,0,129,0,0,99.3679,256,[-127 -112 7 0 17 6 16 5 17 4 17 3 18 2 17 1 17 0 17 -1 17 -1 16 -2 16 -3 16 -3 17 -3 16 -3 17 -4 17 -3 16 -3 17 -3 16 -2 16 -2 16 -1 15 0 15 0 15 0 15 2 0 0 0 0 0 0 0 0 0 0 0 0 0 0 0 0 0 0 0 0 0 0 22 8 21 10 21 11 21 12 20 14 20 14 19 16 19 16 18 16 18 17 17 17 17 18 17 18 16 17 16 17 16 17 15 17 15 15 15 15 16 14 16 13 17 13 17 12 17 11 17 10 17 8 ]
CSI_DATA,AP,46:C6:EE:AC:4F:DC,-38,11,1,6,0,0,1,1,0,0,0,-96,1,6,0,99207819,0,114,0,0,99.3806,256,[114 -96 6 0 19 -4 18 -5 18 -7 17 -7 17 -8 16 -9 16 -10 14 -11 14 -12 14 -12 14 -12 13 -13 13 -12 13 -13 13 -13 14 -12 13 -12 14 -12 13 -13 13 -11 13 -11 13 -10 13 -8 14 -9 14 -7 0 0 0 0 0 0 0 0 0 0 0 0 0 0 0 0 0 0 0 0 0 0 25 -5 25 -3 26 -2 25 0 26 1 25 2 26 3 27 4 26 5 27 5 26 6 25 7 25 7 25 8 25 7 24 6 23 6 23 5 23 4 22 4 22 2 23 2 21 1 21 1 20 -2 21 -3 ]
CSI_DATA,AP,46:C6:EE:AC:4F:DC,-38,11,1,6,0,0,1,1,0,0,0,-96,1,6,0,99207948,0,129,0,0,99.3881,256,[-127 -112 7 0 -9 -16 -10 -16 -10 -14 -11 -14 -11 -13 -12 -12 -12 -12 -13 -11 -13 -11 -13 -10 -14 -10 -15 -9 -15 -9 -14 -9 -14 -9 -15 -9 -14 -9 -14 -9 -13 -9 -13 -9 -13 -10 -12 -10 -12 -10 -11 -10 -10 -10 0 0 0 0 0 0 0 0 0 0 0 0 0 0 0 0 0 0 0 0 0 0 -10 -21 -9 -22 -7 -22 -6 -23 -6 -23 -5 -24 -4 -25 -3 -25 -2 -24 -1 -24 0 -25 0 -25 0 -24 0 -23 0 -24 0 -23 -1 -22 -1 -22 -2 -21 -2 -20 -4 -21 -4 -20 -5 -19 -6 -19 -5 -18 -7 -18 ]
CSI_DATA,AP,46:C6:EE:AC:4F:DC,-38,11,1,6,0,0,1,1,0,0,0,-96,1,6,0,99245963,0,114,0,0,99.4188,256,[114 -96 6 0 17 8 17 7 17 6 17 5 18 4 17 3 18 2 17 0 17 0 17 -1 18 -1 18 -1 17 -1 17 -2 17 -2 17 -1 17 -2 17 -1 17 -1 16 0 16 0 16 1 15 1 15 2 14 3 0 0 0 0 0 0 0 0 0 0 0 0 0 0 0 0 0 0 0 0 0 0 21 12 20 14 19 15 18 16 17 17 18 18 17 19 16 20 16 20 15 20 15 21 14 21 14 21 13 20 13 20 13 19 13 19 13 18 14 17 14 16 14 16 15 14 16 14 16 13 16 12 16 11 ]
CSI_DATA,AP,46:C6:EE:AC:4F:DC,-38,11,1,6,0,0,1,1,0,0,0,-96,1,6,0,99246093,0,129,0,0,99.4264,256,[-127 -112 7 0 0 -22 -2 -22 -3 -21 -4 -21 -5 -20 -5 -20 -6 -19 -7 -19 -8 -19 -9 -18 -9 -18 -10 -18 -10 -18 -10 -18 -11 -18 -11 -18 -10 -18 -9 -19 -8 -18 -8 -17 -8 -17 -7 -17 -7 -17 -5 -17 -4 -17 0 0 0 0 0 0 0 0 0 0 0 0 0 0 0 0 0 0 0 0 0 0 2 -28 5 -28 6 -28 8 -28 9 -27 10 -27 11 -27 12 -27 12 -26 13 -25 13 -26 14 -25 14 -24 14 -24 14 -24 13 -24 13 -23 11 -23 11 -23 10 -23 9 -23 8 -23 7 -22 6 -22 5 -22 
3 -23 ]
CSI_DATA,AP,46:C6:EE:AC:4F:DC,-41,11,1,7,0,0,1,1,0,0,0,-96,1,6,0,99277753,0,129,0,0,99.4505,256,[-127 -112 7 0 -6 19 -5 20 -4 20 -3 19 -2 20 0 19 0 19 1 19 1 19 2 19 3 19 3 19 3 19 3 19 3 19 3 19 2 19 2 19 1 18 1 18 1 17 0 17 -1 17 -2 16 -3 15 0 0 0 0 0 0 0 0 0 0 0 0 0 0 0 0 0 0 0 0 0 0 -8 24 -10 24 -11 23 -13 23 -14 22 -15 22 -16 22 -17 22 -17 21 -18 20 -19 20 -19 19 -19 18 -19 18 -19 18 -18 18 -17 18 -16 18 -15 18 -15 18 -14 19 -13 19 -12 19 -11 19 -10 20 -9 20 ]
CSI_DATA,AP,46:C6:EE:AC:4F:DC,-40,11,1,7,0,0,1,1,0,0,1,-96,1,6,0,99278045,0,114,0,0,99.4582,256,[114 -96 6 0 -7 19 -6 19 -5 19 -4 19 -3 19 -2 19 -1 18 0 19 0 19 1 19 2 19 2 18 2 19 2 19 2 19 2 19 1 19 0 19 0 18 -1 18 -1 17 -1 17 -2 16 -3 16 -4 15 0 0 0 0 0 0 0 0 0 0 0 0 0 0 0 0 0 0 0 0 0 0 -8 24 -11 23 -12 23 -14 22 -15 22 -16 21 -17 21 -18 21 -19 20 -19 20 -19 19 -20 19 -19 18 -19 17 -19 17 -19 17 -18 17 -17 17 -16 17 -16 17 -15 18 -14 18 -13 18 -12 19 -11 19 -10 19 ]
CSI_DATA,AP,46:C6:EE:AC:4F:DC,-37,11,1,7,0,0,1,1,0,0,1,-96,1,6,0,100536825,0,114,0,0,100.71,256,[114 -96 6 0 -13 -15 -13 -15 -14 -14 -14 -14 -15 -13 -15 -12 -15 -11 -15 -11 -16 -10 -16 -10 -17 -9 -17 -9 -17 -9 -16 -8 -16 -9 -16 -9 -16 -9 -16 -9 -15 -9 -14 -9 -14 -10 -13 -10 -13 -10 -12 -10 -11 -11 0 0 0 0 0 0 0 0 0 0 0 0 0 0 0 0 0 0 0 0 0 0 -14 -17 -13 -19 -12 -19 -11 -21 -10 -21 -10 -22 -9 -23 -8 -23 -7 -23 -7 -23 -6 -24 -6 -24 -5 -23 -5 -23 -5 -24 -5 -23 -6 -22 -6 -22 -7 -21 -7 -20 -8 -21 -9 -20 -9 -19 -10 -19 -11 -18 -11 -17 ]
CSI_DATA,AP,14:85:7F:81:BF:55,-80,11,0,0,0,0,0,0,0,0,0,-96,0,6,0,103440496,0,222,0,0,103.614,128,[-34 -32 13 0 -27 16 -23 12 -25 18 -26 17 -17 18 -23 15 -19 16 -17 14 -9 9 -4 20 -4 15 -6 15 1 16 -1 21 -4 21 -1 17 -1 17 -3 15 -4 14 -3 6 -6 5 -8 -1 -7 -3 -4 -4 -2 -10 0 0 0 0 0 0 0 0 0 0 0 0 0 0 0 0 0 0 0 0 0 0 2 -17 5 -15 3 -17 5 -17 7 -17 3 -17 7 -20 5 -17 7 -27 8 -26 2 -30 4 -29 6 -27 5 -30 2 -26 5 -26 1 -22 2 -22 2 -21 0 -14 4 -10 -2 -1 -5 -1 -8 5 -9 10 -10 13 ]
CSI_DATA,AP,46:C6:EE:AC:4F:DC,-38,11,1,7,0,0,1,1,0,0,1,-96,1,6,0,103970657,0,122,0,0,104.144,256,[122 32 7 0 18 -1 18 -3 18 -4 17 -5 16 -6 15 -7 15 -8 14 -9 13 -10 13 -11 13 -11 12 -11 12 -11 12 -12 12 -13 12 -12 12 -12 13 -13 12 -12 12 -12 11 -11 12 -10 12 -10 13 -10 13 -9 0 0 0 0 0 0 0 0 0 0 0 0 0 0 0 0 0 0 0 0 0 0 28 -1 28 1 28 3 28 5 27 6 29 7 28 9 29 10 27 11 26 11 26 12 26 12 25 12 24 13 25 12 24 12 23 11 23 10 22 9 22 8 22 7 22 6 21 5 21 4 20 3 20 2 ]
CSI_DATA,AP,46:C6:EE:AC:4F:DC,-39,11,1,7,0,0,1,1,0,0,1,-96,1,6,0,103983773,0,122,0,0,104.157,256,[122 32 7 0 -6 -19 -8 -19 -7 -18 -9 -17 -10 -15 -11 -14 -11 -14 -12 -13 -13 -13 -14 -12 -15 -11 -15 -11 -16 -10 -15 -10 -15 -9 -15 -10 -14 -10 -16 -9 -15 -10 -15 -9 -15 -10 -14 -10 -14 -10 -13 -11 -12 -11 0 0 0 0 0 0 0 0 0 0 0 0 0 0 0 0 0 0 0 0 0 0 -6 -29 -3 -30 -1 -30 0 -31 2 -30 2 -31 3 -31 4 -32 5 -31 7 -31 8 -30 8 -29 8 -29 8 -27 8 -28 7 -28 6 -27 6 -25 5 -25 3 -25 3 -24 2 -25 0 -24 0 -23 -2 -22 
-3 -22 ]
CSI_DATA,AP,14:85:7F:82:8E:F8,-83,11,0,0,0,0,0,0,0,0,0,-96,0,6,0,105440512,0,222,0,0,105.614,128,[-34 -32 13 0 10 -29 6 -26 3 -26 4 -21 9 -17 6 -25 11 -16 4 -6 2 -15 -5 -17 -4 -16 5 -11 3 -12 -1 -16 -1 -6 4 -13 6 -6 11 -9 5 -8 9 -9 4 -12 18 -8 8 -5 8 -8 10 -3 0 0 0 0 0 0 0 0 0 0 0 0 0 0 0 0 0 0 0 0 0 0 23 11 21 11 22 15 18 10 21 2 14 8 21 4 18 6 19 6 18 -2 20 3 16 1 13 0 14 -4 13 -6 4 -18 8 -22 9 -15 18 -15 4 -22 -4 -33 2 -24 -4 -28 -1 -37 3 -26 4 -29 ]
CSI_DATA,AP,14:85:7F:81:BF:55,-83,11,0,0,0,0,0,0,0,0,0,-96,0,6,0,108440300,0,222,0,0,108.613,128,[-34 -32 13 0 22 18 27 16 28 17 29 9 28 2 19 -1 25 2 22 -5 26 -3 28 -7 29 -11 26 -9 21 -6 19 -10 20 -8 15 -8 8 -4 7 -5 -4 -2 -6 -2 -13 5 -14 -2 -19 -1 -27 -2 -29 -6 0 0 0 0 0 0 0 0 0 0 0 0 0 0 0 0 0 0 0 0 0 0 12 -13 4 -11 7 -14 1 -19 5 -16 4 -16 2 -19 6 -16 9 -20 14 -26 9 -20 12 -21 14 -12 9 -14 10 -10 10 -6 7 -10 12 -3 13 -4 25 2 23 2 25 7 23 12 25 13 29 17 23 24 ]
CSI_DATA,AP,14:85:7F:81:BF:55,-81,11,0,0,0,0,0,0,0,0,0,-96,0,6,0,112663287,0,222,0,0,112.837,128,[-34 -32 13 0 13 -15 11 -21 7 -12 8 -17 7 -16 6 -13 2 -9 -4 -11 -4 -9 -13 -12 -7 -6 -14 -6 -12 -5 -21 -7 -15 -6 -15 -2 -17 -4 -14 9 -10 3 -9 9 -9 12 -11 12 -2 23 -14 18 -11 25 0 0 0 0 0 0 0 0 0 0 0 0 0 0 0 0 0 0 0 0 0 0 -7 -16 -8 -21 -10 -20 -11 -22 -6 -26 -7 -25 -12 -27 -1 -25 -11 -32 -3 -35 -5 -36 -4 -34 -4 -37 0 -30 -4 -28 -3 -30 1 -30 0 -28 -2 -24 2 -27 5 -24 10 -23 6 -19 12 -23 11 -21 11 -17 ]  
CSI_DATA,AP,46:C6:EE:AC:4F:DC,-31,11,1,7,0,0,1,1,0,0,1,-96,1,6,0,113462160,0,110,0,0,113.635,256,[110 96 6 0 -16 19 -16 19 -14 19 -13 19 -12 19 -11 19 -11 19 -10 19 -9 19 -9 20 -8 19 -8 20 -7 19 -8 20 -7 20 -7 19 -7 18 -8 19 -8 18 -8 17 -8 16 -8 17 -8 16 -9 16 -10 15 0 0 0 0 0 0 0 0 0 0 0 0 0 0 0 0 0 0 0 0 0 0 -11 19 -13 18 -14 17 -16 17 -17 17 -18 17 -19 16 -20 16 -20 16 -22 15 -22 15 -23 14 -23 14 -23 14 -23 14 -23 14 -22 14 -22 14 -21 14 -21 15 -21 15 -21 16 -20 17 -19 17 -19 18 -18 18 ]     
CSI_DATA,AP,46:C6:EE:AC:4F:DC,-32,11,1,7,0,0,1,1,0,0,1,-96,1,6,0,115373512,0,129,0,0,115.546,256,[-127 -112 7 0 21 -6 20 -7 20 -7 20 -8 19 -9 18 -9 18 -9 17 -11 17 -11 17 -12 16 -12 15 -11 16 -11 16 -12 16 -12 16 -11 16 -11 16 -11 16 -10 15 -9 15 -9 15 -8 15 -7 16 -7 16 -5 0 0 0 0 0 0 0 0 0 0 0 0 0 0 0 0 0 0 0 0 0 0 17 -9 19 -8 19 -7 20 -6 21 -5 21 -4 22 -3 23 -2 22 -2 23 0 23 0 23 0 23 1 23 1 23 1 23 1 23 0 23 0 23 0 23 -1 23 -1 23 -2 23 -3 23 -4 23 -4 22 -5 ]
CSI_DATA,AP,46:C6:EE:AC:4F:DC,-31,11,1,7,0,0,1,1,0,0,1,-96,1,6,0,115373639,0,114,0,0,115.554,256,[114 -96 6 0 -13 -19 -13 -19 -13 -18 -14 -18 -14 -17 -15 -15 -15 -15 -15 -14 -16 -14 -16 -13 -16 -14 -16 -13 -16 -13 -16 -12 -16 -13 -16 -13 -15 -13 -15 -13 -15 -13 -14 -13 -13 -13 -13 -13 -12 -14 -11 -14 -10 -14 0 0 0 0 0 0 0 0 0 0 0 0 0 0 0 0 0 0 0 0 0 0 -13 -16 -12 -17 -11 -18 -11 -20 -10 -20 -10 -21 -10 -22 -9 -23 -8 -22 -7 -23 -6 -24 -6 -24 -5 -24 -5 -23 -5 -24 -6 -23 -6 -24 -6 -23 -7 -23 -7 -22 -8 -23 -9 -22 -9 -22 -10 -22 -10 -21 -10 -21 ]
CSI_DATA,AP,46:C6:EE:AC:4F:DC,-31,11,1,7,0,0,1,1,0,0,1,-96,1,6,0,115397328,0,114,0,0,115.57,256,[114 -96 6 0 22 2 21 1 21 1 21 0 20 -1 20 -1 20 -2 20 -3 20 -4 19 -5 19 -4 19 -4 19 -5 19 -5 19 -5 19 -4 18 -4 19 -4 18 -3 18 -2 17 -2 17 -1 16 -1 17 0 16 1 0 0 0 0 0 0 0 0 0 0 0 0 0 0 0 0 0 0 0 0 0 0 19 -2 20 -1 20 1 20 2 21 3 21 4 21 5 22 6 22 7 21 8 21 8 21 8 20 9 21 9 21 9 21 9 20 9 21 8 20 7 21 7 22 7 22 6 22 6 22 5 22 4 22 4 ]
CSI_DATA,AP,46:C6:EE:AC:4F:DC,-32,11,1,7,0,0,1,1,0,0,1,-96,1,6,0,115397452,0,129,0,0,115.577,256,[-127 -112 7 0 3 -25 2 -25 2 -26 1 -25 -1 -25 -1 -24 -2 -24 -3 -23 -4 -24 -4 -24 -5 -23 -5 -23 -5 -23 -5 -23 -5 -23 -5 -23 -4 -22 -4 -22 -4 -21 -3 -21 -3 -21 -2 -21 -1 -20 0 -20 1 -19 0 0 0 0 0 0 0 0 0 0 0 0 0 0 0 0 0 0 0 0 0 0 1 -23 3 -24 4 -24 6 -24 7 -24 8 -24 9 -25 10 -25 11 -24 12 -24 13 -24 13 -24 14 -23 13 -23 13 -24 12 -24 12 -24 12 -24 11 -24 10 -24 10 -25 9 -25 9 -26 7 -26 7 -26 6 -26 ]    
CSI_DATA,AP,46:C6:EE:AC:4F:DC,-31,11,1,7,0,0,1,1,0,0,1,-96,1,6,0,115433351,0,114,0,0,115.606,256,[114 -96 6 0 -14 -22 -14 -21 -15 -20 -15 -20 -16 -19 -16 -18 -16 -17 -17 -16 -18 -16 -18 -15 -18 -15 -18 -15 -18 -15 -18 -14 -18 -14 -17 -15 -17 -14 -16 -15 -16 -15 -15 -15 -14 -15 -14 -15 -13 -15 -13 -15 -11 -16 0 0 0 0 0 0 0 0 0 0 0 0 0 0 0 0 0 0 0 0 0 0 -15 -17 -14 -19 -13 -20 -12 -21 -11 -22 -10 -23 -10 -23 -9 -25 -8 -25 -7 -25 -7 -26 -6 -26 -6 -26 -6 -26 -6 -26 -6 -26 -6 -25 -7 -25 -7 -24 -8 -24 -9 -25 -10 -25 -10 -24 -11 -24 -12 -24 -12 -23 ]
CSI_DATA,AP,46:C6:EE:AC:4F:DC,-31,11,1,7,0,0,1,1,0,0,1,-96,1,6,0,115436302,0,129,0,0,115.615,256,[-127 -112 7 0 -24 -5 -24 -4 -24 -3 -24 -2 -23 -2 -23 -1 -22 0 -22 1 -23 2 -22 2 -23 2 -21 2 -22 2 -21 3 -22 3 -22 2 -21 2 -21 1 -21 1 -20 0 -19 0 -19 -1 -19 -1 -19 -2 -18 -3 0 0 0 0 0 0 0 0 0 0 0 0 0 0 0 0 0 0 0 0 0 0 -21 0 -22 -2 -22 -3 -22 -5 -22 -6 -23 -7 -23 -8 -24 -9 -23 -10 -23 -11 -23 -11 -23 -12 -23 -12 -22 -12 -22 -12 -23 -12 -23 -11 -22 -11 -22 -11 -23 -10 -24 -10 -24 -9 -24 -9 -24 -8 -24 
-7 -24 -6 ]
CSI_DATA,AP,46:C6:EE:AC:4F:DC,-30,11,1,7,0,0,1,1,0,0,1,-96,1,6,0,115456767,0,114,0,0,115.63,256,[114 -96 6 0 11 -22 10 -22 10 -23 9 -23 8 -22 6 -22 6 -22 5 -22 5 -23 4 -23 3 -23 3 -22 3 -22 4 -22 3 -22 4 -22 5 -21 5 -21 5 -21 5 -20 5 -19 5 -19 6 -18 7 -18 8 -17 0 0 0 0 0 0 0 0 0 0 0 0 0 0 0 0 0 0 0 0 0 0 6 -21 8 -21 9 -21 11 -21 12 -20 13 -20 14 -21 15 -20 16 -20 17 -19 17 -19 18 -18 18 -18 18 -18 18 -18 18 -18 17 -18 17 -19 16 -18 16 -19 16 -20 15 -21 15 -21 14 -22 14 -22 13 -22 ]
CSI_DATA,AP,46:C6:EE:AC:4F:DC,-31,11,1,7,0,0,1,1,0,0,1,-96,1,6,0,115456891,0,129,0,0,115.637,256,[-127 -112 7 0 -25 -11 -25 -10 -24 -9 -24 -8 -24 -7 -24 -6 -24 -6 -24 -4 -24 -4 -24 -3 -25 -3 -24 -3 -24 -3 -23 -2 -23 -2 -23 -3 -22 -3 -23 -3 -22 -4 -21 -4 -21 -5 -20 -5 -19 -6 -20 -6 -19 -7 0 0 0 0 0 0 0 0 0 0 0 0 0 0 0 0 0 0 0 0 0 0 -22 -6 -22 -9 -22 -10 -22 -12 -22 -12 -22 -14 -22 -15 -22 -16 -21 -17 -21 -18 -21 -18 -20 -18 -20 -19 -20 -19 -20 -19 -20 -19 -20 -18 -20 -18 -20 -17 -21 -17 -22 -16 -23 -16 -23 -15 -24 -15 -24 -14 -24 -13 ]
CSI_DATA,AP,46:C6:EE:AC:4F:DC,-34,11,1,7,0,0,1,1,0,0,1,-96,1,6,0,116423992,0,116,0,0,116.597,256,[116 -64 6 0 -17 16 -16 17 -16 17 -15 16 -13 17 -12 17 -11 17 -11 17 -10 18 -10 18 -9 18 -9 18 -8 18 -9 17 -9 18 -8 17 -8 17 -9 17 -9 16 -8 15 -8 14 -8 14 -8 14 -9 13 -10 13 0 0 0 0 0 0 0 0 0 0 0 0 0 0 0 0 0 0 0 0 0 0 -13 19 -15 19 -16 18 -18 17 -19 16 -20 16 -21 16 -22 16 -23 15 -23 14 -24 13 -25 13 -25 12 -24 12 -25 12 -24 12 -24 12 -23 12 -23 12 -22 13 -22 14 -22 14 -21 15 -20 15 -20 16 -19 16 ]  
CSI_DATA,AP,46:C6:EE:AC:4F:DC,-33,11,1,7,0,0,1,1,0,0,1,-96,1,6,0,116437886,0,116,0,0,116.611,256,[116 -64 6 0 -15 -18 -15 -16 -15 -16 -16 -15 -16 -14 -16 -13 -16 -12 -16 -11 -16 -11 -16 -10 -17 -10 -17 -9 -17 -9 -17 -8 -16 -8 -16 -9 -15 -8 -15 -8 -15 -8 -14 -8 -14 -8 -14 -8 -13 -9 -13 -8 -12 -9 0 0 0 0 0 0 0 0 0 0 0 0 0 0 0 0 0 0 0 0 0 0 -17 -14 -16 -16 -15 -17 -15 -19 -14 -20 -13 -21 -13 -22 -12 -23 -11 -23 -11 -23 -10 -24 -10 -24 -9 -24 -9 -24 -9 -24 -9 -24 -9 -23 -10 -22 -10 -22 -11 -21 -11 -22 -12 -21 -12 -21 -13 -21 -14 -20 -14 -19 ]
CSI_DATA,AP,46:C6:EE:AC:4F:DC,-33,11,1,7,0,0,1,1,0,0,1,-96,1,6,0,116477150,0,121,0,0,116.65,256,[121 16 7 0 22 8 22 7 21 6 21 6 21 5 21 4 21 3 20 2 20 1 20 0 20 0 19 0 19 0 19 -1 19 -1 19 0 18 0 18 0 18 0 17 0 16 1 16 1 16 2 16 2 15 3 0 0 0 0 0 0 0 0 0 0 0 0 0 0 0 0 0 0 0 0 0 0 23 2 23 4 23 6 23 8 23 9 22 10 23 11 23 13 22 13 22 15 21 15 21 16 21 16 20 16 20 16 21 16 20 16 21 15 20 14 20 14 22 14 22 13 21 13 22 12 22 12 22 10 ]
CSI_DATA,AP,46:C6:EE:AC:4F:DC,-34,11,1,7,0,0,1,1,0,0,1,-96,1,6,0,116495437,0,121,0,0,116.668,256,[121 16 7 0 -19 -11 -19 -11 -19 -10 -19 -9 -19 -8 -19 -7 -19 -7 -18 -5 -18 -5 -18 -5 -19 -4 -18 -4 -18 -4 -18 -3 -18 -3 -17 -4 -17 -4 -17 -3 -16 -4 -16 -3 -15 -4 -15 -5 -15 -5 -15 -5 -14 -6 0 0 0 0 0 0 0 0 0 0 0 0 0 0 0 0 0 0 0 0 0 0 -20 -7 -20 -9 -20 -10 -20 -12 -19 -12 -19 -14 -19 -15 -19 -16 -18 -17 -18 -18 -18 -18 -17 -19 -17 -18 -16 -19 -16 -19 -17 -18 -17 -18 -16 -17 -16 -17 -17 -17 -18 -17 -18 -16 -18 -15 -19 -15 -19 -14 -19 -14 ]
CSI_DATA,AP,14:85:7F:82:8E:F8,-81,11,0,0,0,0,0,0,0,0,0,-96,0,6,0,117448737,0,222,0,0,117.622,128,[-34 -32 13 0 -15 -9 -18 -9 -8 -11 -12 -11 -12 -10 -9 -10 -9 -10 -7 -9 -5 -8 -7 -13 -9 -9 -8 -15 -8 -7 0 -6 -3 -6 -8 -5 -4 -8 -8 -7 -4 -7 -6 -6 -4 -7 -1 -7 1 -5 -1 -8 -3 -8 0 0 0 0 0 0 0 0 0 0 0 0 0 0 0 0 0 0 0 0 0 0 -14 -6 -14 -9 -16 -6 -13 -9 -12 -9 -12 -7 2 1 4 -14 -13 -1 -10 -10 -12 -11 -9 -7 -9 -8 -7 -3 -9 1 -8 -1 -6 0 -9 2 -9 -1 -11 -2 -12 4 -11 2 -8 -2 -10 1 -18 2 -18 -3 ]