CSI_DATA,AP,46:C6:EE:AC:4F:DC,-53,11,1,4,0,0,1,1,0,0,0,-96,1,6,0,20751733,0,118,0,0,20.9438,256,[118 -32 6 0 23 -5 25 -4 25 -5 26 -5 27 -5 27 -7 27 -7 27 -7 27 -8 28 -9 28 -9 28 -9 28 -10 28 -10 29 -10 29 -11 29 -10 31 -10 31 -10 32 -9 32 -9 34 -8 35 -7 37 -6 38 -3 0 0 0 0 0 0 0 0 0 0 0 0 0 0 0 0 0 0 0 0 0 0 3 22 0 21 -1 19 -1 18 -2 16 -2 15 -2 14 -2 13 -1 12 0 11 1 11 2 10 3 9 3 8 5 7 5 7 7 6 8 5 9 4 10 3 12 2 14 1 15 0 16 -1 18 -2 19 -3 ]

CSI_DATA,AP,46:C6:EE:AC:4F:DC,-44,11,1,4,0,0,1,1,0,0,0,-96,1,6,0,20772811,0,129,0,0,20.9648,256,[-127 -112 7 0 -21 -18 -22 -18 -21 -17 -22 -17 -22 -16 -22 -15 -23 -15 -23 -14 -24 -14 -24 -13 -25 -12 -25 -12 -25 -11 -26 -11 -26 -11 -26 -11 -26 -12 -27 -12 -26 -13 -26 -13 -26 -14 -26 -15 -25 -15 -25 -17 -24 -19 0 0 0 0 0 0 0 0 0 0 0 0 0 0 0 0 0 0 0 0 0 0 -9 -2 -10 -4 -10 -4 -11 -5 -11 -7 -11 -8 -12 -9 -12 -11 -12 -11 -12 -13 -12 -14 -12 -15 -12 -15 -12 -15 -12 -17 -13 -17 -13 -17 -13 -17 -14 -17 -14 -17 -15 -17 -17 -18 -17 -18 -18 -18 -19 -18 -19 -18 ]

CSI_DATA,AP,46:C6:EE:AC:4F:DC,-45,11,1,5,0,0,1,1,0,0,0,-96,1,6,0,20785234,0,129,0,0,20.9772,256,[-127 -112 7 0 -11 25 -11 25 -10 25 -9 25 -9 25 -8 25 -7 25 -7 26 -6 26 -5 27 -4 27 -3 26 -4 27 -3 27 -3 28 -3 28 -4 28 -4 29 -5 28 -5 28 -5 28 -6 28 -7 28 -9 29 -11 28 0 0 0 0 0 0 0 0 0 0 0 0 0 0 0 0 0 0 0 0 0 0 1 8 0 9 -1 10 -2 11 -3 12 -4 13 -5 14 -6 14 -7 14 -8 14 -9 15 -10 15 -11 15 -11 15 -12 16 -12 17 -13 17 -12 17 -12 17 -12 18 -12 19 -12 20 -12 21 -12 22 -12 23 -11 23 ] 
      
CSI_DATA,AP,46:C6:EE:AC:4F:DC,-45,11,1,5,0,0,1,1,0,0,0,-96,1,6,0,20789760,0,114,0,0,20.985,256,[114 -96 6 0 -4 -26 -5 -26 -5 -26 -6 -26 -6 -25 -7 -25 -7 -25 -8 -24 -9 -25 -10 -25 -10 -24 -11 -23 -11 -24 -11 -24 -12 -24 -12 -25 -11 -25 -11 -26 -11 -26 -10 -26 -10 -26 -9 -27 -8 -27 -7 -28 -5 -28 0 0 0 0 0 0 0 0 0 0 0 0 0 0 0 0 0 0 0 0 0 0 -6 -7 -6 -8 -5 -9 -5 -10 -5 -11 -4 -13 -4 -14 -3 -15 -3 -15 -2 -16 -1 -17 -1 -18 0 -18 0 -18 1 -19 1 -20 0 -20 0 -20 0 -21 -1 -21 -1 -22 -2 -23 -1 -24 -2 -24 -3 -24 -3 -26 ]

CSI_DATA,AP,46:C6:EE:AC:4F:DC,-45,11,1,5,0,0,1,1,0,0,0,-96,1,6,0,20805398,0,114,0,0,20.9974,256,[114 -96 6 0 7 -25 6 -25 6 -25 6 -26 5 -25 3 -25 3 -25 2 -26 1 -26 1 -26 0 -26 0 -26 -1 -26 -1 -26 -1 -27 -1 -27 -1 -27 -1 -28 0 -28 0 -27 0 -27 1 -28 2 -28 4 -29 5 -28 0 0 0 0 0 0 0 0 0 0 0 0 0 0 0 0 0 0 0 0 0 0 -2 -9 -1 -10 0 -10 1 -11 2 -12 2 -13 3 -14 4 -14 5 -15 6 -15 7 -16 8 -16 9 -16 9 -16 10 -17 9 -17 10 -18 9 -18 9 -18 9 -19 9 -20 9 -21 9 -22 9 -22 8 -23 8 -24 ]

CSI_DATA,AP,46:C6:EE:AC:4F:DC,-45,11,1,5,0,0,1,1,0,0,0,-96,1,6,0,20824896,0,129,0,0,21.0168,256,[-127 -112 7 0 13 -23 13 -24 12 -24 12 -24 11 -25 10 -24 9 -25 8 -25 8 -25 7 -26 6 -26 6 -26 5 -27 6 -27 6 -28 6 -27 6 -27 6 -28 7 -28 7 -28 8 -27 8 -27 9 -27 11 -28 13 -27 0 0 0 0 0 0 0 0 0 0 0 0 0 0 0 0 0 0 0 0 0 0 0 -9 1 -11 3 -11 3 -12 5 -12 5 -13 6 -13 7 -14 8 -14 10 -14 10 -14 11 -14 12 -14 13 -14 14 -15 13 -15 14 -16 14 -16 14 -16 14 -17 14 -18 14 -19 14 -20 14 -21 14 -21 14 -22 ]

CSI_DATA,AP,46:C6:EE:AC:4F:DC,-44,11,1,5,0,0,1,1,0,0,0,-96,1,6,0,20840478,0,129,0,0,21.0324,256,[-127 -112 7 0 -23 10 -23 11 -22 11 -22 12 -21 12 -20 13 -20 13 -20 14 -19 15 -19 15 -19 16 -18 16 -18 16 -18 17 -18 17 -18 17 -19 17 -20 18 -20 17 -20 16 -20 16 -21 16 -21 15 -23 15 -24 13 0 0 0 0 0 0 0 0 0 0 0 0 0 0 0 0 0 0 0 0 0 0 -6 6 -7 6 -8 6 -9 6 -10 6 -11 6 -12 6 -13 6 -14 6 -15 5 -16 5 -17 5 -17 4 -18 4 -19 4 -19 4 -19 4 -19 4 -20 5 -20 5 -21 6 -21 7 -21 7 -22 8 -22 9 -22 9 ]
 
CSI_DATA,AP,46:C6:EE:AC:4F:DC,-44,11,1,6,0,0,1,1,0,0,0,-96,1,6,0,20857643,0,114,0,0,21.0496,256,[114 -96 6 0 -23 11 -23 12 -22 12 -22 13 -21 13 -20 13 -20 14 -20 15 -19 15 -19 16 -19 17 -18 17 -18 17 -18 17 -18 18 -18 18 -19 18 -20 18 -20 17 -20 17 -20 16 -21 16 -22 16 -23 15 -24 14 0 0 0 0 0 0 0 0 0 0 0 0 0 0 0 0 0 0 0 0 0 0 -5 7 -7 7 -8 7 -10 7 -10 7 -12 7 -13 7 -14 7 -15 6 -16 6 -17 6 -17 5 -18 5 -18 4 -19 4 -19 5 -20 5 -20 5 -20 6 -20 6 -22 7 -21 8 -22 8 -22 9 -22 10 -23 10 ]

CSI_DATA,AP,46:C6:EE:AC:4F:DC,-44,11,1,6,0,0,1,1,0,0,0,-96,1,6,0,20877952,0,114,0,0,21.07,256,[114 -96 6 0 -23 6 -23 7 -22 7 -23 7 -22 8 -21 9 -21 9 -21 10 -20 10 -21 11 -21 12 -20 11 -20 12 -20 12 -21 13 -21 12 -21 12 -22 13 -21 12 -21 11 -21 10 -22 10 -23 9 -24 9 -25 7 0 0 0 0 0 0 0 0 0 0 0 0 0 0 0 0 0 0 0 0 0 0 -7 5 -8 5 -9 5 -11 5 -11 4 -12 4 -13 4 -14 4 -15 3 -16 2 -16 2 -17 2 -18 1 -18 1 -19 1 -19 0 -19 1 -19 1 -20 1 -20 2 -21 3 -21 3 -21 3 -22 4 -22 4 -23 5 ]

CSI_DATA,AP,46:C6:EE:AC:4F:DC,-43,11,1,6,0,0,1,1,0,0,0,-96,1,6,0,20887400,0,116,0,0,21.0793,256,[116 -64 6 0 -24 12 -24 13 -24 13 -23 14 -23 14 -21 15 -21 15 -21 16 -20 17 -20 18 -20 18 -19 18 -19 19 -19 19 -19 19 -19 19 -20 19 -21 19 -21 19 -20 19 -21 18 -22 18 -22 17 -24 16 -25 15 0 0 0 0 0 0 0 0 0 0 0 0 0 0 0 0 0 0 0 0 0 0 -7 7 -8 8 -10 7 -11 7 -12 7 -13 7 -14 7 -16 7 -16 6 -17 6 -18 6 -19 5 -20 5 -20 4 -21 4 -21 5 -21 5 -21 5 -22 6 -22 6 -23 7 -23 8 -23 9 -24 9 -24 11 -23 11 ]

CSI_DATA,AP,46:C6:EE:AC:4F:DC,-43,11,1,6,0,0,1,1,0,0,0,-96,1,6,0,20900713,0,116,0,0,21.0927,256,[116 -64 6 0 -19 20 -18 20 -18 21 -17 21 -17 22 -15 21 -15 21 -14 22 -13 23 -13 24 -12 24 -12 24 -12 24 -12 25 -11 25 -12 25 -12 25 -14 25 -14 25 -14 24 -14 23 -15 24 -16 24 -17 23 -19 22 0 0 0 0 0 0 0 0 0 0 0 0 0 0 0 0 0 0 0 0 0 0 -3 10 -5 10 -6 11 -7 11 -9 11 -9 11 -11 12 -12 12 -13 12 -14 12 -15 12 -16 12 -16 12 -17 12 -18 12 -18 13 -18 13 -18 13 -18 13 -18 14 -19 15 -19 16 -19 17 -19 17 -19 18 -19 19 ]

CSI_DATA,AP,46:C6:EE:AC:4F:DC,-43,11,1,6,0,0,1,1,0,0,0,-96,1,6,0,20914788,0,119,0,0,21.1068,256,[119 -16 6 0 1 -28 1 -29 1 -29 0 -28 -1 -28 -2 -28 -2 -27 -4 -28 -4 -28 -5 -28 -6 -28 -6 -27 -7 -28 -7 -28 -7 -29 -7 -28 -6 -28 -6 -29 -5 -29 -5 -29 -4 -29 -4 -29 -3 -29 -1 -30 1 -30 0 0 0 0 0 0 0 0 0 0 0 0 0 0 0 0 0 0 0 0 0 0 -4 -11 -3 -12 -2 -13 -2 -14 -1 -15 -1 -16 0 -17 1 -18 2 -19 3 -19 4 -20 5 -20 5 -20 6 -20 6 -21 6 -22 6 -22 6 -22 5 -23 5 -23 5 -24 5 -25 5 -26 4 -26 3 -27 3 -28 ]

CSI_DATA,AP,46:C6:EE:AC:4F:DC,-43,11,1,7,0,0,1,1,0,0,1,-96,1,6,0,20932058,0,119,0,0,21.124,256,[119 -16 6 0 2 -29 2 -29 2 -29 1 -29 0 -29 -1 -28 -2 -28 -3 -28 -4 -28 -5 -29 -5 -28 -6 -28 -6 -28 -6 -29 -6 -29 -6 -29 -5 -29 -5 -30 -4 -30 -4 -29 -3 -30 -3 -30 -2 -30 0 -30 2 -30 0 0 0 0 0 0 0 0 0 0 0 0 0 0 0 0 0 0 0 0 0 0 -4 -12 -3 -13 -2 -13 -1 -15 -1 -15 0 -17 1 -18 2 -19 3 -19 3 -19 4 -20 5 -21 6 -21 6 -21 7 -22 7 -22 7 -23 6 -23 6 -23 6 -23 6 -25 6 -26 5 -26 4 -27 4 -27 4 -28 ] 
 
CSI_DATA,AP,46:C6:EE:AC:4F:DC,-43,11,1,7,0,0,1,1,0,0,1,-96,1,6,0,20958795,0,121,0,0,21.1507,256,[121 16 7 0 -26 -3 -27 -3 -26 -2 -26 -2 -26 -1 -25 0 -25 1 -26 2 -25 2 -26 3 -26 4 -26 4 -26 5 -26 5 -26 5 -26 5 -26 4 -27 4 -27 4 -27 4 -26 3 -27 2 -27 2 -28 0 -28 -2 0 0 0 0 0 0 0 0 0 0 0 0 0 0 0 0 0 0 0 0 0 0 -11 2 -12 1 -13 0 -14 0 -14 -1 -15 -2 -16 -3 -17 -4 -17 -4 -18 -5 -18 -6 -18 -7 -19 -7 -19 -7 -20 -8 -20 -8 -20 -8 -20 -7 -21 -8 -21 -7 -23 -7 -23 -6 -23 -6 -24 -5 -25 -5 -25 -5 ]

CSI_DATA,AP,46:C6:EE:AC:4F:DC,-43,11,1,7,0,0,1,1,0,0,1,-96,1,6,0,20962320,0,122,0,0,21.1587,256,[122 32 7 0 6 -23 5 -23 5 -23 4 -23 4 -23 3 -23 3 -22 2 -23 1 -23 0 -24 0 -24 -1 -23 -1 -23 -1 -24 -1 -24 -1 -24 0 -24 0 -25 1 -25 1 -24 1 -24 2 -25 2 -24 4 -25 5 -24 0 0 0 0 0 0 0 0 0 0 0 0 0 0 0 0 0 0 0 0 0 0 -1 -10 0 -11 1 -12 1 -12 2 -12 3 -13 3 -14 4 -15 5 -14 6 -15 7 -15 8 -16 8 -15 9 -16 9 -16 9 -17 9 -17 9 -17 9 -17 9 -18 9 -19 8 -19 8 -20 7 -21 7 -21 7 -22 ]

CSI_DATA,AP,46:C6:EE:AC:4F:DC,-43,11,1,7,0,0,1,1,0,0,1,-96,1,6,0,20976881,0,121,0,0,21.1689,256,[121 16 7 0 -20 12 -21 12 -20 12 -20 13 -19 13 -18 14 -17 14 -17 15 -17 15 -17 16 -17 16 -16 16 -16 16 -16 17 -17 17 -17 17 -17 17 -17 17 -18 16 -17 16 -18 15 -19 15 -19 14 -20 14 -21 12 0 0 0 0 0 0 0 0 0 0 0 0 0 0 0 0 0 0 0 0 0 0 -6 7 -7 7 -8 7 -10 7 -10 7 -11 7 -12 7 -13 7 -14 7 -15 6 -16 6 -16 6 -17 6 -17 5 -18 5 -18 5 -18 6 -18 6 -19 6 -19 7 -19 8 -20 8 -20 9 -20 9 -21 10 -20 11 ] 

CSI_DATA,AP,46:C6:EE:AC:4F:DC,-43,11,1,7,0,0,1,1,0,0,1,-96,1,6,0,20977184,0,122,0,0,21.1768,256,[122 32 7 0 -23 13 -22 13 -22 14 -22 14 -21 15 -20 15 -20 16 -19 16 -19 17 -19 18 -18 18 -18 18 -18 18 -18 19 -18 19 -18 19 -18 19 -19 19 -19 18 -19 18 -19 17 -21 17 -21 16 -22 15 -24 14 0 0 0 0 0 0 0 0 0 0 0 0 0 0 0 0 0 0 0 0 0 0 -6 8 -8 8 -9 8 -10 8 -11 8 -12 8 -13 8 -14 8 -15 8 -17 7 -17 7 -18 6 -19 6 -19 6 -20 6 -20 6 -20 6 -20 7 -20 7 -21 8 -22 8 -22 9 -22 10 -23 10 -23 11 -22 12 ]

CSI_DATA,AP,46:C6:EE:AC:4F:DC,-42,11,1,7,0,0,1,1,0,0,1,-96,1,6,0,21015357,0,115,0,0,21.2074,256,[115 -80 6 0 -15 -20 -16 -20 -15 -19 -16 -19 -17 -18 -17 -18 -17 -17 -18 -16 -18 -16 -19 -16 -20 -15 -20 -15 -20 -15 -20 -14 -21 -15 -21 -15 -20 -15 -21 -16 -20 -16 -19 -16 -19 -17 -19 -18 -18 -18 -18 -19 -16 -20 0 0 0 0 0 0 0 0 0 0 0 0 0 0 0 0 0 0 0 0 0 0 -9 -6 -9 -7 -10 -8 -10 -9 -9 -10 -10 -12 -10 -13 -9 -14 -9 -15 -9 -15 -9 -16 -8 -17 -8 -17 -8 -18 -8 -19 -8 -19 -9 -19 -9 -19 -10 -19 -10 -19 -11 -20 -12 -20 -12 -20 -13 -20 -13 -20 -14 -21 ]

CSI_DATA,AP,46:C6:EE:AC:4F:DC,-42,11,1,7,0,0,1,1,0,0,1,-96,1,6,0,21028609,0,115,0,0,21.2206,256,[115 -80 6 0 17 21 17 21 18 20 18 19 19 19 19 17 19 17 20 17 21 16 21 16 22 15 22 14 22 15 22 15 23 15 23 15 22 15 23 16 22 16 21 17 21 17 21 18 20 18 20 20 18 21 0 0 0 0 0 0 0 0 0 0 0 0 0 0 0 0 0 0 0 0 0 0 10 6 10 7 10 8 10 9 10 10 10 11 10 13 11 14 10 15 10 16 10 17 10 18 9 18 9 19 9 19 9 20 9 20 10 20 10 20 11 20 12 21 13 21 13 21 14 21 15 22 16 21 ]

CSI_DATA,AP,46:C6:EE:AC:4F:DC,-41,11,1,7,0,0,1,1,0,0,1,-96,1,6,0,21339324,0,130,0,0,21.5313,256,[-126 -96 7 0 -18 -18 -19 -18 -18 -18 -19 -17 -20 -16 -20 -15 -20 -14 -21 -13 -21 -13 -22 -13 -22 -13 -22 -12 -22 -12 -22 -12 -23 -12 -23 -12 -22 
-12 -23 -13 -22 -13 -22 -13 -21 -14 -21 -15 -21 -16 -20 -17 -19 -18 0 0 0 0 0 0 0 0 0 0 0 0 0 0 0 0 0 0 0 0 0 0 -11 -6 -12 -8 -11 -8 -12 -9 -11 -10 -12 -12 -12 -13 -12 -14 -11 -14 -11 -15 -11 -17 -11 -17 -11 -17 -10 -18 -11 -18 -11 -19 -11 -19 -11 -19 -12 -19 -13 -18 -14 -19 -15 -19 -14 -19 -15 -19 -16 -19 -17 -19 ]

CSI_DATA,AP,46:C6:EE:AC:4F:DC,-41,11,1,7,0,0,1,1,0,0,1,-96,1,6,0,21339445,0,110,0,0,21.5402,256,[110 96 6 0 -23 10 -23 11 -22 12 -22 12 -21 13 -20 13 -20 13 -20 14 -19 15 -19 16 -19 16 -18 16 -18 17 -18 17 -18 17 -19 17 -19 17 -20 17 -20 17 -20 16 -20 15 -21 15 -21 14 -22 13 -23 12 0 0 0 0 0 0 0 0 0 0 0 0 0 0 0 0 0 0 0 0 0 0 -9 8 -11 7 -12 7 -13 7 -14 6 -14 6 -16 6 -17 5 -17 5 -18 5 -19 4 -19 4 -20 3 -20 3 -21 3 -21 3 -21 4 -21 4 -21 4 -22 5 -22 6 -23 7 -23 7 -23 8 -23 8 -23 9 ] 

CSI_DATA,AP,46:C6:EE:AC:4F:DC,-41,11,1,7,0,0,1,1,0,0,1,-96,1,6,0,21374595,0,130,0,0,21.5664,256,[-126 -96 7 0 -25 -5 -25 -5 -25 -4 -25 -3 -25 -2 -24 -1 -24 -1 -24 0 -24 0 -25 1 -25 1 -25 2 -25 2 -25 3 -25 3 -25 2 -26 2 -26 2 -26 1 -26 1 -25 0 -25 -1 -26 -2 -26 -3 -26 -5 0 0 0 0 0 0 0 0 0 0 0 0 0 0 0 0 0 0 0 0 0 0 -12 1 -130 -14 -1 -15 -2 -15 -3 -16 -3 -17 -4 -17 -5 -17 -6 -18 -7 -18 -8 -18 -9 -18 -9 -18 -9 -19 -10 -19 -10 -19 -9 -20 -9 -21 -9 -21 -8 -22 -8 -22 -8 -22 -8 -23 -8 -24 -7 -24 -7 ]

CSI_DATA,AP,46:C6:EE:AC:4F:DC,-41,11,1,7,0,0,1,1,0,0,1,-96,1,6,0,21386422,0,122,0,0,21.5783,256,[122 32 7 0 17 21 16 20 18 21 18 19 18 19 18 18 19 17 19 17 20 16 21 16 21 16 21 15 21 15 22 15 22 15 22 16 21 16 22 17 22 17 20 17 20 17 20 19 19 19 18 21 16 22 0 0 0 0 0 0 0 0 0 0 0 0 0 0 0 0 0 0 0 0 0 0 11 7 11 8 11 9 10 10 11 11 11 12 11 14 11 15 11 16 9 17 9 18 9 19 8 19 9 19 9 20 9 21 9 20 10 21 10 20 11 20 11 21 13 21 13 22 14 21 15 21 15 21 ]

CSI_DATA,AP,46:C6:EE:AC:4F:DC,-41,11,1,7,0,0,1,1,0,0,1,-96,1,6,0,21399288,0,122,0,0,21.5912,256,[122 32 7 0 -25 -1 -25 -1 -24 0 -25 0 -24 2 -24 2 -23 3 -23 4 -23 4 -23 5 -24 6 -23 6 -23 6 -23 7 -24 7 -23 7 -24 6 -25 6 -24 6 -24 5 -24 5 -24 4 -24 3 -25 2 -25 0 0 0 0 0 0 0 0 0 0 0 0 0 0 0 0 0 0 0 0 0 0 0 -12 2 -13 2 -13 1 -15 0 -15 0 -16 -1 -16 -2 -17 -3 -17 -3 -18 -4 -18 -5 -18 -6 -19 -6 -19 -6 -20 -7 -19 -7 -20 -7 -20 -6 -21 -6 -21 -5 -22 -5 -22 -5 -22 -4 -23 -4 -24 -3 -24 -3 ]
  
CSI_DATA,AP,46:C6:EE:AC:4F:DC,-42,11,1,7,0,0,1,1,0,0,1,-96,1,6,0,21462123,0,130,0,0,21.6541,256,[-126 -96 7 0 16 20 16 19 16 19 17 18 17 18 17 17 18 17 18 16 19 15 20 15 20 14 20 14 20 14 21 14 21 14 21 15 21 15 21 16 20 16 20 16 19 16 19 17 19 18 18 19 16 20 0 0 0 0 0 0 0 0 0 0 0 0 0 0 0 0 0 0 0 0 0 0 10 6 10 7 10 8 10 9 10 10 10 12 10 13 10 14 10 15 9 16 9 17 9 18 8 18 8 18 8 19 9 19 9 20 9 20 10 19 10 19 11 20 12 20 12 21 13 20 14 20 14 20 ]

CSI_DATA,AP,46:C6:EE:AC:4F:DC,-41,11,1,7,0,0,1,1,0,0,1,-96,2,6,0,21747404,0,219,0,0,21.9394,256,[-37 48 13 0 1 -26 0 -26 0 -26 -1 -25 -1 -25 -2 -24 -3 -24 -3 -25 -4 -25 -5 -25 -5 -25 -6 -24 -6 -24 -6 -25 -6 -25 -6 -25 -5 -24 -6 -25 -5 -25 -4 -25 -4 -25 -4 -25 -3 -25 -1 -26 1 -26 0 0 0 0 0 0 0 0 0 0 0 0 0 0 0 0 0 0 0 0 0 0 -4 -12 -3 -13 -2 -14 -1 -14 -1 -15 0 -16 0 -16 1 -18 2 -18 3 -18 4 -19 4 -19 5 -19 5 -19 5 -20 5 -21 5 -20 5 -21 5 -21 4 -21 4 -22 3 -23 3 -24 3 -24 2 -25 2 -25 ]

CSI_DATA,AP,46:C6:EE:AC:4F:DC,-42,11,1,7,0,0,1,1,0,0,1,-96,1,6,0,21747564,0,219,0,0,21.9474,256,[-37 48 13 0 11 28 11 28 12 28 13 27 13 27 14 25 14 25 15 25 16 24 16 24 17 24 17 23 18 23 18 23 18 23 18 24 18 24 18 24 17 25 16 24 16 25 15 26 14 26 13 27 11 28 0 0 0 0 0 0 0 0 0 0 0 0 0 0 0 0 0 0 0 0 0 0 9 11 9 12 8 13 7 14 7 15 7 17 6 18 6 20 5 20 5 21 4 22 3 22 3 22 3 23 3 24 3 24 3 25 4 24 4 25 5 25 6 26 7 27 7 27 8 28 9 28 9 28 ]

CSI_DATA,AP,46:C6:EE:AC:4F:DC,-42,11,1,7,0,0,1,1,0,0,1,-96,1,6,0,21748550,0,114,0,0,21.9544,256,[114 -96 6 0 -26 1 -26 2 -25 2 -25 2 -25 3 -25 4 -24 4 -24 5 -24 6 -24 7 -24 7 -23 7 -24 8 -24 8 -24 8 -24 8 -24 7 -25 7 -25 6 -25 6 -24 5 -25 5 -25 4 -26 3 -26 1 0 0 0 0 0 0 0 0 0 0 0 0 0 0 0 0 0 0 0 0 0 0 -11 4 -12 4 -13 3 -14 2 -15 2 -15 1 -17 0 -180 -18 -1 -19 -1 -19 -2 -19 -3 -20 -3 -20 -3 -21 -3 -21 -4 -21 -4 -21 -3 -22 -3 -22 -3 -23 -2 -24 -2 -24 -1 -25 -1 -25 0 -25 0 ] 
       
CSI_DATA,AP,46:C6:EE:AC:4F:DC,-45,11,1,7,0,0,1,1,0,0,1,-96,1,6,0,21850100,0,124,0,0,22.0421,256,[124 64 7 0 24 3 25 3 25 3 25 2 25 1 25 0 25 0 25 -1 25 -2 25 -2 25 -3 25 -3 25 -3 26 -4 26 -4 26 -3 26 -3 27 -3 27 -3 27 -3 27 -2 27 -1 27 0 28 1 28 3 0 0 0 0 0 0 0 0 0 0 0 0 0 0 0 0 0 0 0 0 0 0 7 -2 8 -1 9 -1 9 -1 10 0 11 1 11 2 12 2 12 3 13 3 13 4 14 5 14 5 14 6 15 6 15 6 16 7 16 6 17 6 18 6 19 5 20 5 20 5 22 5 23 5 23 4 ]

CSI_DATA,AP,46:C6:EE:AC:4F:DC,-45,11,1,7,0,0,1,0,0,0,1,-96,0,6,0,21862636,0,94,0,0,22.0546,256,[94 96 5 0 15 -17 15 -17 15 -18 14 -18 14 -18 13 -19 13 -19 12 -19 13 -20 12 -21 12 -21 11 -20 11 -20 12 -22 11 -22 12 -22 13 -22 13 -22 13 -22 13 -22 14 -21 15 -21 16 -21 17 -20 19 -19 0 0 0 0 0 0 0 0 0 0 0 0 0 0 0 0 0 0 0 0 0 0 1 -6 2 -7 3 -7 4 -7 5 -7 6 -8 6 -8 7 -8 8 -8 10 -8 10 -8 10 -8 11 -8 11 -8 12 -8 12 -9 12 -9 13 -9 13 -10 13 -11 14 -12 14 -13 14 -13 15 -14 15 -14 15 -15 ]
   
CSI_DATA,AP,46:C6:EE:AC:4F:DC,-46,11,1,7,0,0,1,1,0,0,1,-96,1,6,0,21951959,0,114,0,0,22.1439,256,[114 -96 6 0 23 -8 23 -8 23 -9 23 -10 23 -10 22 -11 22 -11 22 -13 22 -13 22 -14 22 -14 21 -14 22 -15 22 -16 22 -16 23 -16 23 -16 24 -16 24 -16 24 -15 24 -15 25 -14 26 -13 27 -12 28 -10 0 0 0 0 0 0 0 0 0 0 0 0 0 0 0 0 0 0 0 0 0 0 4 -4 5 -4 6 -4 7 -4 8 -3 8 -3 9 -3 10 
-3 11 -2 12 -2 12 -1 13 -1 14 -1 14 0 15 -1 15 -1 15 -1 16 -2 17 -2 17 -2 18 -3 19 -4 19 -5 20 -5 21 -6 21 -7 ]

CSI_DATA,AP,46:C6:EE:AC:4F:DC,-47,11,1,7,0,0,1,1,0,0,1,-96,1,6,0,21952083,0,129,0,0,22.1517,256,[-127 -112 7 0 -1 -49 -2 -49 -2 -50 -4 -50 -5 -50 -8 -49 -8 -50 -10 -50 -11 -50 -12 -51 -14 -51 -15 -50 -16 -51 -16 -52 -16 -53 -16 -53 -15 -54 -16 -55 -14 -55 -13 -54 -13 -55 -11 -56 -9 -57 -6 -59 -2 -60 0 0 0 0 0 0 0 0 0 0 0 0 0 0 0 0 0 0 0 0 0 0 -4 -11 -4 -13 -2 -14 -2 -16 -1 -17 0 -19 1 -21 2 -23 3 -23 4 -24 5 -26 6 -27 7 -28 8 -28 8 -30 8 -32 7 -32 7 -33 6 -34 6 -35 5 -37 4 -40 4 
-42 3 -42 2 -44 1 -46 ]

CSI_DATA,AP,46:C6:EE:AC:4F:DC,-45,11,1,7,0,0,1,1,0,0,1,-96,1,6,0,21976936,0,114,0,0,22.1689,256,[114 -96 6 0 -22 -13 -23 -13 -22 -13 -23 -13 -23 -12 -24 -11 -24 -11 -24 -10 -25 -10 -26 -9 -26 -9 -26 -8 -27 -8 -27 -8 -28 -8 -27 -8 -27 -9 -28 -9 -28 -10 -28 -10 -28 -10 -28 -12 -27 -12 -28 -14 -27 -16 0 0 0 0 0 0 0 0 0 0 0 0 0 0 0 0 0 0 0 0 0 0 -6 -2 -6 -3 -7 -3 -7 -4 -8 -5 -8 -6 -8 -7 -9 -8 -9 -8 -9 -9 -9 -10 -10 -10 -10 -11 -10 -11 -11 -12 -11 -12 -12 -12 -12 -12 -13 -12 -14 -13 -15 -13 -16 -13 -16 -13 -18 -14 -19 -14 -20 -1 ]

CSI_DATA,AP,46:C6:EE:AC:4F:DC,-46,11,1,7,0,0,1,1,0,0,1,-96,1,6,0,21977060,0,129,0,0,22.1774,256,[-127 -112 7 0 -16 21 -16 22 -15 22 -15 23 -14 23 -13 23 -13 24 -12 24 -12 25 -12 26 -11 26 -11 26 -10 27 -11 27 -11 28 -11 28 -12 28 -13 29 -13 28 -14 28 -14 27 -15 28 -16 27 -18 27 -20 26 0 0 0 0 0 0 0 0 0 0 0 0 0 0 0 0 0 0 0 0 0 0 -1 5 -2 6 -3 6 -4 7 -5 7 -6 8 -6 8 -8 9 -8 9 -10 9 -10 9 -11 10 -12 9 -12 10 -13 10 -13 11 -13 11 -14 12 -14 12 -14 13 -14 15 -14 15 -15 17 -15 18 -15 19 -15 20 ]

CSI_DATA,AP,46:C6:EE:AC:4F:DC,-44,11,1,7,0,0,1,0,0,0,1,-96,0,6,0,22681960,0,94,0,0,22.874,256,[94 96 5 0 -1 -29 -2 -28 -2 -29 -2 -29 -3 -29 -4 -28 -4 -28 -5 -28 -6 -29 -6 -29 -7 -29 -7 -28 -7 -28 -7 -29 -7 -29 -7 -29 -6 -29 -6 -30 -5 -30 -5 -30 -5 -30 -4 -31 -3 -31 -1 -32 1 -31 0 0 0 0 0 0 0 0 0 0 0 0 0 0 0 0 0 0 0 0 0 0 -3 -9 -2 -10 -2 -11 -1 -11 -1 -12 0 -13 0 -14 1 -15 1 -16 2 -16 2 -17 3 -18 3 -18 4 -18 4 -19 4 -20 3 -20 3 -21 3 -21 3 -21 2 -23 1 -24 1 -25 1 -25 0 -26 0 -27 ]

CSI_DATA,AP,46:C6:EE:AC:4F:DC,-41,11,1,7,0,0,1,0,0,0,1,-96,0,6,0,22852046,0,94,0,0,23.044,256,[94 96 5 0 -21 18 -20 19 -20 19 -19 19 -19 20 -17 20 -17 20 -17 21 -16 21 -16 21 -16 22 -15 22 -15 22 -15 22 -15 23 -15 22 -15 22 -16 23 -16 22 -17 22 -17 21 -18 21 -18 20 -20 19 -21 18 0 0 0 0 0 0 0 0 0 0 0 0 0 0 0 0 0 0 0 0 0 0 -5 10 -7 10 -8 10 -9 10 -10 10 -11 11 -12 11 -13 11 -14 11 -16 11 -16 11 -17 10 -18 10 -18 10 -19 11 -19 11 -19 11 -19 12 -19 12 -19 13 -20 14 -20 14 -20 16 -20 16 -21 16 -20 17 ]

CSI_DATA,AP,46:C6:EE:AC:4F:DC,-42,11,1,7,0,0,1,1,0,0,1,-96,1,6,0,22872993,0,129,0,0,23.0649,256,[-127 -112 7 0 -5 28 -5 28 -4 28 -4 28 -3 28 -2 27 -1 27 -1 27 0 27 1 27 1 27 2 27 2 27 2 27 2 27 2 27 1 27 1 28 0 28 0 27 -1 27 -1 27 -2 27 -4 28 -6 27 0 0 0 0 0 0 0 0 0 0 0 0 0 0 0 0 0 0 0 0 0 0 2 12 1 13 0 13 -1 15 -2 15 -2 16 -3 17 -4 18 -5 18 -6 18 -6 19 -7 19 -8 20 -8 20 -9 20 -9 21 -9 21 -8 21 -8 22 -8 22 -8 24 -7 25 -7 25 -7 26 -6 26 -6 28 ]

CSI_DATA,AP,46:C6:EE:AC:4F:DC,-41,11,1,7,0,0,1,1,0,0,1,-96,1,6,0,22884562,0,129,0,0,23.0765,256,[-127 -112 7 0 28 -9 28 -9 27 -10 27 -10 27 -11 26 -12 25 -12 25 -13 25 -14 24 -15 24 -15 23 -15 24 -15 24 -16 24 -16 24 -16 24 -15 25 -15 25 -15 25 -14 25 -13 25 -13 26 -12 27 -11 28 -9 0 0 0 0 0 0 0 0 0 0 0 0 0 0 0 0 0 0 0 0 0 0 10 -8 12 -8 13 -7 14 -7 15 -7 16 -6 17 -6 18 -5 19 -4 20 -4 21 -3 21 -3 22 -3 23 -2 23 -2 23 -2 23 -2 24 -3 24 -3 25 -3 26 -4 27 -5 26 -6 27 -6 28 -7 28 -8 ]

CSI_DATA,AP,46:C6:EE:AC:4F:DC,-40,11,1,7,0,0,1,1,0,0,1,-96,1,6,0,23073818,0,114,0,0,23.2658,256,[114 -96 6 0 22 -9 22 -9 22 -10 22 -10 21 -11 20 -11 20 -11 19 -12 19 -13 19 -14 19 -14 18 -14 18 -14 18 -14 19 -14 19 -14 19 -14 19 -14 20 -13 19 -13 19 -12 20 -12 20 -11 21 -10 22 -9 0 0 0 0 0 0 0 0 0 0 0 0 0 0 0 0 0 0 0 0 0 0 9 -8 10 -7 11 -7 12 -7 13 -6 13 -6 15 -6 16 -6 16 -5 17 -5 18 -4 18 -4 19 -3 19 -3 20 -3 20 -3 20 -3 20 -4 20 -4 20 -4 21 -5 22 -6 22 -6 22 -7 23 -7 22 -8 ] 
  
CSI_DATA,AP,46:C6:EE:AC:4F:DC,-41,11,1,7,0,0,1,0,0,0,1,-96,0,6,0,23576755,0,94,0,0,23.7688,256,[94 96 5 0 -14 19 -14 19 -14 20 -13 20 -13 20 -12 20 -11 20 -11 20 -10 20 -10 21 -9 21 -9 21 -9 20 -9 21 -9 21 -8 21 -9 21 -10 21 -10 21 -10 20 -10 20 -11 20 -11 20 -13 20 -14 19 0 0 0 0 0 0 0 0 0 0 0 0 0 0 0 0 0 0 0 0 0 0 -4 10 -5 11 -7 10 -8 11 -8 11 -9 11 -10 12 -11 12 -11 12 -13 12 -13 12 -13 12 -14 12 -14 12 -15 12 -15 13 -15 13 -15 13 -15 13 -15 14 -15 15 -15 16 -15 17 -15 17 -15 18 -14 19 ]

CSI_DATA,AP,46:C6:EE:AC:4F:DC,-41,11,1,7,0,0,1,1,0,0,1,-96,1,6,0,23593324,0,116,0,0,23.7852,256,[116 -64 6 0 -21 -17 -21 -17 -21 -17 -22 -16 -22 -16 -22 -14 -22 -14 -22 -13 -23 -13 -23 -12 -23 -12 -23 -11 -23 -11 -23 -11 -23 -11 -24 -11 -23 -12 -23 -12 -23 -12 -23 -12 -22 -13 -23 -14 -21 -14 -21 -16 -20 -17 0 0 0 0 0 0 0 0 0 0 0 0 0 0 0 0 0 0 0 0 0 0 -12 -6 -12 -7 -13 -8 -13 -9 -13 -10 -13 -11 -14 -12 -14 -13 -13 -14 -14 -15 -14 -16 -13 -17 -14 -17 -13 -17 -14 -18 -14 -18 -14 -18 -15 -18 -15 -18 -16 -17 -17 -18 -17 -18 -18 -19 -18 -18 -19 -18 -19 -18 ]

CSI_DATA,AP,46:C6:EE:AC:4F:DC,-41,11,1,7,0,0,1,1,0,0,1,-96,1,6,0,23605122,0,116,0,0,23.7971,256,[116 -64 6 0 -25 8 -25 9 -24 9 -24 9 -23 10 -22 10 -22 11 -22 12 -21 12 -21 12 -21 13 -20 13 -20 13 -20 14 -21 14 -21 14 -21 13 -21 13 -21 13 -21 12 -21 11 -22 11 -22 10 -24 9 -24 7 0 0 0 0 0 0 0 0 0 0 0 0 0 0 0 0 0 0 0 0 0 0 -10 7 -12 7 -13 7 -14 7 -15 6 -15 6 -17 6 -18 5 -18 5 -19 4 -20 3 -20 3 -21 3 -21 2 -22 2 -22 3 -22 3 -22 3 -23 3 -23 4 -24 5 -24 5 -24 6 -24 6 -25 7 -24 7 ]
     
CSI_DATA,AP,46:C6:EE:AC:4F:DC,-40,11,1,7,0,0,1,1,0,0,1,-96,1,6,0,23662172,0,121,0,0,23.8541,256,[121 16 7 0 -15 -24 -16 -23 -16 -22 -16 -22 -17 -21 -17 -20 -17 -20 -18 -19 -19 -19 -19 -18 -20 -18 -20 -16 -20 -17 -20 -17 -20 -17 -20 -17 -19 -17 -20 -18 -19 -18 -19 -18 -18 -19 -18 -19 -18 -19 -17 -21 -16 -22 0 0 0 0 0 0 0 0 0 0 0 0 0 0 0 0 0 0 0 0 0 0 -12 -10 -12 -11 -11 -13 -11 -14 -11 -15 -11 -16 -10 -17 -10 -19 -10 -19 -10 -20 -9 -21 -9 -21 -9 -21 -8 -22 -8 -23 -8 -23 -9 -23 -9 -23 -9 -23 -10 -23 -11 -24 -11 -24 -12 -24 -13 -24 -14 -24 -14 -24 ]

CSI_DATA,AP,46:C6:EE:AC:4F:DC,-40,11,1,7,0,0,1,1,0,0,1,-96,1,6,0,23675054,0,121,0,0,23.867,256,[121 16 7 0 23 0 23 -1 23 -2 23 -2 23 -2 22 -3 22 -4 21 -5 22 -5 21 -7 21 -7 21 -7 21 -7 21 -7 21 -7 21 -7 21 -7 22 -7 22 -6 21 -6 21 -5 22 -5 22 -4 22 -3 23 -1 0 0 0 0 0 0 0 0 0 0 0 0 0 0 0 0 0 0 0 0 0 0 12 -4 13 -3 14 -3 15 -2 15 -1 16 -1 17 0 18 1 17 2 18 2 19 3 19 3 19 4 19 4 20 5 20 4 20 4 20 4 21 4 21 4 22 3 22 3 22 2 23 2 23 2 23 1 ]

CSI_DATA,AP,46:C6:EE:AC:4F:DC,-41,11,1,7,0,0,1,1,0,0,1,-96,1,6,0,23848286,0,124,0,0,24.0403,256,[124 64 7 0 18 17 18 17 18 16 19 16 19 15 19 13 19 13 19 12 20 12 20 11 21 11 21 10 21 10 21 10 21 10 22 10 21 11 22 11 21 11 21 11 20 12 20 13 20 13 19 15 18 16 0 0 0 0 0 0 0 0 0 0 0 0 0 0 0 0 0 0 0 0 0 0 11 6 12 8 11 8 12 9 11 10 12 12 12 13 12 14 11 14 11 15 11 16 11 17 11 17 11 18 11 18 11 18 11 19 11 18 12 18 13 18 14 19 14 18 15 19 16 18 16 18 17 18 ]

CSI_DATA,AP,46:C6:EE:AC:4F:DC,-41,11,1,7,0,0,1,0,0,0,1,-96,0,6,0,23855027,0,94,0,0,24.0479,256,[94 96 5 0 -21 19 -21 19 -20 20 -19 20 -18 21 -17 20 -16 21 -16 22 -15 22 -14 23 -14 23 -13 23 -13 23 -13 24 -13 24 -13 24 -13 24 -14 24 -14 24 -14 23 -14 23 -15 23 -16 22 -18 22 -19 20 0 0 0 0 0 0 0 0 0 0 0 0 0 0 0 0 0 0 0 0 0 0 -9 12 -10 12 -12 12 -13 12 -14 12 -14 12 -16 13 -17 12 -18 12 -19 12 -20 12 -21 12 -21 11 -21 11 -22 11 -22 12 -22 12 -22 12 -22 13 -22 13 -23 14 -23 15 -23 16 -23 17 -22 17 -22 18 ]

CSI_DATA,AP,3C:B7:4B:18:30:7F,-76,11,0,0,0,0,0,0,0,0,0,-96,0,6,0,23952369,0,68,0,0,24.1444,128,[68 64 4 0 22 4 25 3 24 -3 19 -6 26 -10 24 -11 24 -12 29 -14 26 -14 29 -10 22 -11 19 -12 17 -9 12 -9 8 -9 7 -12 2 -13 4 -16 1 -19 3 -21 5 -20 9 -18 13 -16 10 -12 8 -3 0 0 0 0 0 0 0 0 0 0 0 0 0 0 0 0 0 0 0 0 0 0 -20 8 -23 6 -26 4 -31 1 -27 0 -23 -4 -22 -5 -20 -5 -17 -5 -11 -3 -7 0 -3 0 3 3 10 10 10 16 9 24 9 24 7 26 9 26 6 25 6 24 9 22 5 18 12 16 12 15 17 10 ]

CSI_DATA,AP,46:C6:EE:AC:4F:DC,-42,11,1,7,0,0,1,1,0,0,1,-96,1,6,0,24047579,0,114,0,0,24.2398,256,[114 -96 6 0 23 11 24 11 23 10 24 10 24 9 23 8 24 7 23 6 24 6 24 5 24 5 23 4 24 4 24 4 24 4 24 4 24 4 25 5 24 5 24 6 23 6 24 7 23 7 24 9 23 11 0 0 0 0 0 0 0 0 0 0 0 0 0 0 0 0 0 0 0 0 0 0 13 2 13 3 13 3 14 4 14 5 15 6 15 7 16 9 16 9 16 10 16 11 16 12 17 12 16 12 17 13 17 13 17 13 17 13 18 13 19 13 20 13 21 13 21 12 22 12 23 12 23 12 ]

CSI_DATA,AP,46:C6:EE:AC:4F:DC,-42,11,1,7,0,0,1,1,0,0,1,-96,1,6,0,24047703,0,129,0,0,24.2477,256,[-127 -112 7 0 14 -22 14 -23 13 -23 13 -23 12 -23 11 -22 11 -23 10 -23 9 -24 8 -24 8 -24 7 -24 7 -24 7 -24 8 -25 8 -24 8 -24 9 -25 9 -24 9 -24 10 -23 10 -23 11 -23 12 -23 14 -22 0 0 0 0 0 0 0 0 0 0 0 0 0 0 0 0 0 0 0 0 0 0 4 -13 5 -14 6 -13 7 -15 8 -14 9 -15 10 -15 11 -15 12 -15 13 -15 13 -16 14 -15 15 -15 15 -15 16 -16 15 -16 16 -16 15 -16 16 -17 16 -17 16 -18 16 -19 15 -19 15 -20 15 -21 15 -22 ]

CSI_DATA,AP,46:C6:EE:AC:4F:DC,-42,11,1,7,0,0,1,1,0,0,1,-96,1,6,0,24098703,0,114,0,0,24.2908,256,[114 -96 6 0 23 -8 23 -8 23 -8 23 -9 23 -9 21 -10 21 -10 21 -11 21 -11 21 -12 20 -12 20 -12 20 -12 20 -13 20 -13 20 -12 21 -12 21 -13 21 -12 21 -12 21 -11 22 -11 22 -10 24 -9 24 -7 0 0 0 0 0 0 0 0 0 0 0 0 0 0 0 0 0 0 0 0 0 0 9 -5 10 -5 11 -5 11 -5 12 -4 13 -4 14 -4 14 -4 15 -3 16 -3 17 -2 17 -2 18 -2 18 -1 19 -2 19 -2 19 -2 19 -2 20 -3 20 -3 21 -4 21 -4 22 -5 22 -5 23 -6 22 -7 ]
       
CSI_DATA,AP,46:C6:EE:AC:4F:DC,-43,11,1,7,0,0,1,1,0,0,1,-96,1,6,0,24162915,0,129,0,0,24.355,256,[-127 -112 7 0 23 -8 23 -9 23 -9 23 -10 23 -9 22 -10 22 -11 21 -11 21 -12 21 -13 21 -13 20 -13 20 -13 21 -13 21 -13 21 -13 21 -12 22 -12 22 -12 22 -11 22 -11 23 -10 23 -9 24 -8 25 -6 0 0 0 0 0 0 0 0 0 0 0 0 0 0 0 0 0 0 0 0 0 0 9 -5 10 -5 11 -5 12 -5 12 -4 13 -4 14 -4 15 -4 15 -3 16 -3 17 -3 17 -3 18 -2 18 -2 19 -2 19 -2 19 -2 19 -3 19 -3 20 -4 21 -5 21 -5 22 -6 22 -6 23 -7 22 -8 ]  
    
CSI_DATA,AP,46:C6:EE:AC:4F:DC,-44,11,1,7,0,0,1,1,0,0,1,-96,1,6,0,24163042,0,114,0,0,24.3631,256,[114 -96 6 0 -8 -25 -8 -25 -8 -25 -8 -24 -9 -24 -9 -24 -10 -23 -10 -23 -11 -23 -11 -23 -12 -23 -12 -22 -12 -22 -12 -22 -12 -23 -12 -22 -11 -23 -11 -23 -11 -23 -10 -23 -10 -24 -9 -24 -9 -24 -8 -26 -6 -26 0 0 0 0 0 0 0 0 0 0 0 0 0 0 0 0 0 0 0 0 0 0 -5 -11 -4 -12 -4 -12 -4 -13 -3 -13 -3 -15 -3 -15 -3 -16 -2 -16 -2 -17 -2 -18 -1 -18 -1 -19 -1 -19 -1 -20 -1 -20 -2 -21 -2 -21 -2 -21 -3 -21 -3 -22 -4 -23 -4 -23 -5 -23 -6 -24 -6 -24 ]

CSI_DATA,AP,46:C6:EE:AC:4F:DC,-44,11,1,7,0,0,1,1,0,0,1,-96,1,6,0,24200961,0,129,0,0,24.3929,256,[-127 -112 7 0 -3 -26 -3 -26 -4 -26 -4 -26 -5 -26 -5 -25 -5 -25 -6 -25 -7 -25 -7 -25 -7 -25 -8 -24 -8 -24 -8 -25 -7 -25 -7 -25 -7 -24 -7 -26 -6 -25 -6 -25 -5 -25 -5 -26 -4 -26 -2 -27 0 -27 0 0 0 0 0 0 0 0 0 0 0 0 0 0 0 0 0 0 0 0 0 0 -4 -11 -3 -12 -2 -12 -2 -13 -2 -14 -2 -15 -1 -16 -1 -16 0 -17 0 -17 1 -18 1 -19 1 -19 2 -19 2 -20 2 -21 1 -21 1 -21 1 -21 0 -22 0 -22 -1 -23 -1 -24 -1 -24 
-2 -25 -2 -25 ]

CSI_DATA,AP,46:C6:EE:AC:4F:DC,-44,11,1,7,0,0,1,1,0,0,1,-96,1,6,0,24206436,0,114,0,0,24.4014,256,[114 -96 6 0 -26 6 -25 6 -25 6 -25 7 -24 7 -24 7 -23 8 -23 9 -23 9 -23 10 -23 10 -23 10 -23 10 -23 11 -23 10 -23 10 -23 10 -23 10 -24 9 -24 9 -24 8 -24 8 -24 7 -26 6 -26 4 0 0 0 0 0 0 0 0 0 0 0 0 0 0 0 0 0 0 0 0 0 0 -10 3 -11 3 -12 3 -13 3 -13 2 -14 2 -15 2 -16 1 -16 1 -17 1 -18 1 -18 0 -19 0 -19 0 -20 0 -20 0 -20 0 -20 1 -21 0 -21 1 -23 2 -23 3 -23 3 -24 4 -24 4 -24 5 ]

CSI_DATA,AP,46:C6:EE:AC:4F:DC,-44,11,1,7,0,0,1,1,0,0,1,-96,1,6,0,24230830,0,129,0,0,24.4228,256,[-127 -112 7 0 24 5 25 5 25 5 26 4 26 3 25 3 25 3 25 1 24 1 25 0 25 0 25 0 25 0 25 -1 25 -1 25 0 25 0 26 0 25 1 25 2 24 2 25 3 26 3 26 4 25 7 0 0 0 0 0 0 0 0 0 0 0 0 0 0 0 0 0 0 0 0 0 0 10 0 11 1 12 1 12 1 12 2 13 4 14 4 14 4 14 5 15 6 16 6 16 7 17 7 17 7 18 8 18 8 18 8 19 8 19 8 19 8 21 8 22 7 22 7 23 7 24 6 23 5 ]

CSI_DATA,AP,46:C6:EE:AC:4F:DC,-44,11,1,7,0,0,1,1,0,0,1,-96,1,6,0,24230957,0,114,0,0,24.43,256,[114 -96 6 0 4 -23 4 -24 4 -23 3 -23 3 -23 2 -22 2 -23 1 -24 0 -23 0 -23 -1 -24 -2 -23 -1 -23 -1 -23 -1 -23 -1 -23 -1 -23 0 -24 0 -24 0 -23 1 -23 1 -24 2 -24 3 -24 5 -24 0 0 0 0 0 0 0 0 0 0 0 0 0 0 0 0 0 0 0 0 0 0 0 -10 0 -11 1 -12 2 -12 2 -11 3 -13 4 -14 4 -14 5 -14 5 -15 5 -15 5 -16 6 -16 6 -16 7 -17 7 -17 6 -18 7 -17 7 -18 6 -18 6 -20 6 -20 5 -21 5 -20 5 -22 5 -22 ]

CSI_DATA,AP,46:C6:EE:AC:4F:DC,-42,11,1,7,0,0,1,0,0,0,1,-96,0,6,0,24470020,0,94,0,0,24.6621,256,[94 96 5 0 51 10 52 8 50 10 51 6 51 5 51 2 50 1 50 -3 49 -2 48 -2 47 -6 47 -5 46 -7 50 -6 49 -10 48 -5 50 -8 52 -8 52 -6 50 -6 51 -5 49 -1 48 1 50 2 50 6 0 0 0 0 0 0 0 0 0 0 0 0 0 0 0 0 0 0 0 0 0 0 27 -2 28 -1 30 2 32 2 32 5 34 6 37 9 37 11 39 12 37 14 36 17 36 17 38 19 36 20 39 19 40 21 42 19 40 20 42 18 45 18 46 17 49 16 46 16 46 16 46 14 49 12 ]

CSI_DATA,AP,00:CB:7A:0E:69:04,-89,11,0,0,0,0,0,0,0,0,0,-96,0,6,0,24563908,0,144,0,0,24.756,128,[-112 0 9 0 1 10 1 7 0 7 12 10 11 17 15 8 16 16 13 10 14 10 11 5 20 8 15 11 15 11 17 12 9 7 6 7 6 13 1 10 3 7 -2 -2 -1 4 -2 2 -4 4 -1 -1 -3 3 0 0 0 0 0 0 0 0 0 0 0 0 0 0 0 0 0 0 0 0 0 0 -4 4 2 1 -8 1 -5 -7 -7 0 -8 2 -10 -4 -15 -8 -19 0 -13 -7 -19 -6 -17 -6 -22 -8 -24 -8 -15 -15 -8 -10 -9 -10 -9 -10 -14 0 -13 -4 -10 -2 -6 -2 -11 6 -15 7 -6 8 1 6 ]

CSI_DATA,AP,3C:B7:4B:18:30:7F,-76,11,0,0,0,0,0,0,0,0,0,-96,0,6,0,24787370,0,68,0,0,24.9795,128,[68 64 4 0 0 17 5 20 14 12 14 12 17 15 20 12 23 15 25 20 17 19 22 16 14 16 14 13 10 9 9 2 6 3 10 -2 11 -7 10 -10 11 -13 11 -12 16 -8 14 -6 15 1 13 3 9 5 0 0 0 0 0 0 0 0 0 0 0 0 0 0 0 0 0 0 0 0 0 0 -7 -16 -9 -21 -4 -23 -5 -23 0 -24 1 -21 3 -24 2 -16 2 -16 3 -12 1 -10 -4 -1 -3 2 -7 4 -13 7 -20 13 -21 14 -24 13 -26 13 -23 10 -22 8 -21 9 -15 11 -13 5 -14 13 -9 12 ]

CSI_DATA,AP,46:C6:EE:AC:4F:DC,-43,11,1,7,0,0,1,0,0,0,1,-96,0,6,0,24861599,0,94,0,0,25.0536,256,[94 96 5 0 19 -18 19 -18 18 -19 18 -19 18 -20 18 -19 18 -19 16 -20 15 -20 16 -21 15 -21 15 -20 15 -21 15 -21 15 -21 15 -21 16 -21 17 -21 16 -20 16 -20 17 -19 18 -19 19 -18 20 -18 21 -16 0 0 0 0 0 0 0 0 0 0 0 0 0 0 0 0 0 0 0 0 0 0 6 -9 7 -9 9 -10 9 -10 10 -10 10 -10 11 -10 12 -11 13 -10 14 -10 15 -10 15 -11 16 -10 16 -11 18 -11 17 -11 18 -11 17 -11 17 -12 17 -13 19 -14 19 -14 19 -15 18 -16 18 -16 19 -18 ]

CSI_DATA,AP,46:C6:EE:AC:4F:DC,-44,11,1,7,0,0,1,1,0,0,1,-96,1,6,0,25654264,0,110,0,0,25.8462,256,[110 96 6 0 22 15 22 16 22 15 23 15 23 14 22 13 23 12 23 12 23 11 24 11 24 11 24 10 24 10 24 9 25 10 24 10 25 10 26 11 25 11 25 11 24 12 25 13 24 14 25 16 24 18 0 0 0 0 0 0 0 0 0 0 0 0 0 0 0 0 0 0 0 0 0 0 9 5 9 6 10 6 10 7 10 7 11 8 12 9 12 10 12 11 12 11 12 13 12 13 13 14 13 14 14 15 13 15 14 15 14 15 15 15 16 15 17 15 18 15 18 16 19 16 20 16 21 15 ]

CSI_DATA,AP,46:C6:EE:AC:4F:DC,-46,11,1,7,0,0,1,0,0,0,1,-96,0,6,0,25683875,0,94,0,0,25.8757,256,[94 96 5 0 6 22 6 22 6 22 7 22 7 22 8 21 8 20 8 20 9 20 9 20 9 20 9 19 10 20 10 20 10 20 10 20 10 21 10 21 9 21 9 21 8 22 8 23 7 23 6 24 4 25 0 0 0 0 0 0 0 0 0 0 0 0 0 0 0 0 0 0 0 0 0 0 3 8 3 9 3 9 3 10 3 11 2 12 2 12 2 13 2 14 1 14 1 15 1 16 1 16 0 16 0 17 1 17 0 19 3 18 2 17 2 18 3 19 4 20 4 20 4 20 5 21 5 21 ]

CSI_DATA,AP,46:C6:EE:AC:4F:DC,-42,11,1,7,0,0,1,1,0,0,1,-96,1,6,0,25865368,0,124,0,0,26.0573,256,[124 64 7 0 -23 18 -22 18 -22 19 -21 18 -21 19 -20 19 -19 19 -19 20 -18 21 -17 22 -17 22 -16 21 -16 22 -16 22 -16 23 -16 23 -17 22 -18 23 -18 22 -18 22 -18 21 -19 21 -20 21 -22 20 -23 18 0 0 0 0 0 0 0 0 0 0 0 0 0 0 0 0 0 0 0 0 0 0 -8 11 -10 10 -11 10 -12 11 -13 11 -14 11 -15 11 -16 11 -17 11 -19 11 -19 11 -20 10 -21 10 -21 10 -22 10 -22 10 -22 11 -22 11 -22 11 -22 12 -23 13 -23 13 -23 14 -23 15 -23 16 -23 16 ]

CSI_DATA,AP,46:C6:EE:AC:4F:DC,-43,11,1,7,0,0,1,0,0,0,1,-96,0,6,0,25865886,0,94,0,0,26.0655,256,[94 96 5 0 -14 22 -13 22 -13 22 -12 22 -12 22 -10 22 -10 22 -9 22 -9 23 -8 23 -8 23 -7 23 -7 23 -7 24 -7 24 -7 24 -7 24 -8 24 -8 24 -9 24 -9 23 -10 23 -10 23 -12 24 -14 23 0 0 0 0 0 0 0 0 0 0 0 0 0 0 0 0 0 0 0 0 0 0 -4 11 -5 12 -6 12 -7 12 -8 13 -8 13 -9 14 -11 14 -11 14 -12 14 -13 15 -13 15 -15 14 -15 14 -15 15 -15 15 -15 16 -15 16 -15 16 -15 17 -15 17 -15 18 -15 19 -15 20 -15 20 -14 21 ]

CSI_DATA,AP,F8:5E:42:93:BD:FC,-88,11,0,0,0,0,0,0,0,0,0,-96,0,6,0,25894399,0,68,0,0,26.0863,128,[68 64 4 0 6 19 1 21 9 14 2 26 -1 21 2 20 0 10 4 10 5 18 1 11 4 11 5 10 10 0 8 -5 5 2 10 -5 13 -3 15 -14 11 -8 16 -5 15 -10 18 -2 11 5 13 6 8 1 0 0 0 0 0 0 0 0 0 0 0 0 0 0 0 0 0 0 0 0 0 0 -3 -7 2 -1 4 -7 -1 -5 3 -4 -1 -1 -3 -8 -2 -8 9 -1 0 -3 -7 -2 -14 7 -8 0 -13 2 -10 -5 -17 -5 -18 -3 -14 3 -14 2 -15 -2 -16 4 -7 -11 1 -6 -6 4 1 2 -3 15 ]

CSI_DATA,AP,F8:5E:42:93:BD:FC,-89,11,0,0,0,0,0,0,0,0,0,-96,0,6,0,25894566,0,80,0,0,26.0935,128,[80 0 5 0 -2 -19 2 -16 -6 -28 -10 -15 -4 -21 -2 -20 3 -20 -5 -19 1 -12 2 -12 0 -4 -12 3 -9 0 -1 -2 -4 4 -3 11 0 10 -2 19 -1 15 -7 20 -3 19 -4 20 -8 17 -12 8 -3 13 0 0 0 0 0 0 0 0 0 0 0 0 0 0 0 0 0 0 0 0 0 0 -3 -4 -7 -6 -4 -2 -6 -7 -2 -2 -2 -2 -4 -8 -1 -7 0 -1 1 4 10 2 2 13 -1 5 6 8 4 13 5 8 1 18 11 10 2 15 9 9 7 -1 6 4 4 4 4 -1 -4 -4 1 -9 ]

CSI_DATA,AP,46:C6:EE:AC:4F:DC,-41,11,1,7,0,0,1,1,0,0,1,-96,1,6,0,26100634,0,114,0,0,26.2927,256,[114 -96 6 0 -26 2 -25 2 -25 3 -25 3 -25 4 -24 5 -23 5 -23 6 -23 7 -23 7 -23 8 -23 8 -23 8 -23 9 -23 9 -23 9 -24 8 -24 8 -24 8 -24 7 -24 6 -25 6 -25 5 -26 3 -26 2 0 0 0 0 0 0 0 0 0 0 0 0 0 0 0 0 0 0 0 0 0 0 -12 4 -14 4 -15 3 -16 3 -16 2 -17 2 -18 1 -19 1 -19 0 -20 -1 -20 -2 -21 -2 -21 -2 -21 -3 -22 -3 -22 -3 -22 -3 -22 -3 -22 -3 -23 -2 -24 -1 -24 -1 -24 0 -25 0 -25 0 -25 1 ]

CSI_DATA,AP,46:C6:EE:AC:4F:DC,-42,11,1,7,0,0,1,0,0,0,1,-96,0,6,0,26226177,0,94,0,0,26.4182,256,[94 96 5 0 25 -9 25 -10 24 -10 24 -11 24 -11 23 -12 22 -12 21 -13 21 -14 21 -15 21 -15 20 -15 20 -15 20 -16 21 -16 21 -15 22 -15 22 -16 23 -15 22 -14 22 -14 23 -13 24 -12 25 -11 26 -9 0 0 0 0 0 0 0 0 0 0 0 0 0 0 0 0 0 0 0 0 0 0 10 -8 12 -8 13 -8 14 -8 14 -7 15 -7 17 -7 18 -6 18 -6 19 -5 20 -5 20 -4 21 -4 21 -3 22 -3 22 -4 22 -4 22 -4 23 -5 23 -5 24 -5 24 -6 24 -6 25 -7 25 -7 25 -8 ] 
   
CSI_DATA,AP,46:C6:EE:AC:4F:DC,-46,11,1,7,0,0,1,1,0,0,1,-96,1,6,0,26482621,0,122,0,0,26.6746,256,[122 32 7 0 19 -17 18 -16 19 -18 18 -18 18 -18 17 -18 17 -19 16 -19 16 -20 15 -20 15 -21 14 -21 15 -21 15 -22 15 -22 15 -22 15 -22 16 -22 16 -22 17 -21 17 -21 18 -21 19 -21 21 -20 22 -19 0 0 0 0 0 0 0 0 0 0 0 0 0 0 0 0 0 0 0 0 0 0 4 -6 4 -6 5 -6 6 -7 7 -7 8 -7 8 -8 9 -8 10 -8 11 -8 12 -8 13 -8 13 -8 14 -8 15 -8 15 -9 15 -9 15 -10 16 -10 16 -11 17 -12 17 -13 17 -13 18 -14 18 -15 18 -16 ]

CSI_DATA,AP,46:C6:EE:AC:4F:DC,-47,11,1,7,0,0,1,1,0,0,1,-96,1,6,0,26505307,0,122,0,0,26.6973,256,[122 32 7 0 15 -22 15 -21 15 -22 14 -22 14 -23 12 -23 12 -23 11 -24 11 -24 11 -24 10 -25 10 -24 9 -25 10 -25 9 -26 10 -26 10 -26 10 -27 11 -27 11 -26 11 -26 13 -26 14 -26 16 -26 18 -25 0 0 0 0 0 0 0 0 0 0 0 0 0 0 0 0 0 0 0 0 0 0 3 -6 3 -7 4 -7 5 -8 6 -8 6 -9 7 -9 8 -10 9 -10 10 -10 11 -11 11 -11 12 -11 13 -11 13 -11 13 -12 13 -13 14 -13 14 -14 14 -14 14 -16 14 -17 14 -17 15 -18 15 -18 15 -20 ]

CSI_DATA,AP,46:C6:EE:AC:4F:DC,-41,11,1,7,0,0,1,0,0,0,1,-96,0,6,0,26874231,0,94,0,0,27.0663,256,[94 96 5 0 -25 7 -24 8 -24 8 -23 9 -23 9 -21 10 -21 10 -21 11 -21 12 -21 12 -20 13 -20 13 -20 13 -20 14 -20 14 -21 14 -20 13 -21 14 -21 13 -21 13 -21 12 -22 11 -22 10 -24 9 -24 8 0 0 0 0 0 0 0 0 0 0 0 0 0 0 0 0 0 0 0 0 0 0 -11 7 -12 7 -13 7 -14 6 -15 6 -16 5 -17 5 -18 5 -19 4 -20 4 -20 3 -21 3 -21 2 -21 2 -22 2 -22 2 -22 2 -22 2 -22 2 -23 3 -23 4 -24 4 -24 5 -24 5 -24 6 -24 6 ]

CSI_DATA,AP,46:C6:EE:AC:4F:DC,-46,11,1,7,0,0,1,1,0,0,1,-96,1,6,0,27278046,0,116,0,0,27.47,256,[116 -64 6 0 -12 -25 -12 -24 -12 -25 -12 -24 -13 -24 -13 -23 -13 -23 -14 -22 -14 -23 -15 -22 -16 -21 -16 -21 -16 -21 -17 -21 -17 -21 -17 -22 -16 -22 -17 -23 -16 -23 -16 -23 -15 -24 -15 -25 -14 -25 -13 -27 -11 -28 0 0 0 0 0 0 0 0 0 0 0 0 0 0 0 0 0 0 0 0 0 0 -6 -8 -6 -9 -6 -9 -6 -10 -6 -11 -7 -12 -7 -13 -6 -15 -6 -15 -6 -16 -6 -17 -5 -18 -5 -18 -5 -18 -5 -19 -6 -20 -6 -20 -6 -21 -7 -21 -7 -21 -8 -22 -8 -22 -9 -23 -10 -23 -10 -24 -10 -24 ]

CSI_DATA,AP,46:C6:EE:AC:4F:DC,-46,11,1,7,0,0,1,1,0,0,1,-96,1,6,0,27290155,0,116,0,0,27.4821,256,[116 -64 6 0 -26 1 -26 1 -26 1 -26 1 -26 2 -25 3 -25 3 -24 5 -25 4 -25 5 -25 5 -24 5 -24 6 -24 7 -24 7 -25 7 -25 6 -26 7 -26 7 -26 6 -26 5 -27 4 -27 3 -29 2 -29 -1 0 0 0 0 0 0 0 0 0 0 0 0 0 0 0 0 0 0 0 0 0 0 -9 1 -10 1 -11 1 -11 1 -12 1 -13 0 -14 0 -15 -1 -15 -1 -16 -2 -16 -2 -17 -3 -18 -3 -18 -3 -19 -4 -19 -3 -19 -3 -20 -3 -20 -3 -21 -2 -22 -2 -23 -1 -23 -1 -24 -1 -25 -1 -25 0 ]
      
CSI_DATA,AP,46:C6:EE:AC:4F:DC,-46,11,1,7,0,0,1,1,0,0,1,-96,1,6,0,27323450,0,121,0,0,27.5154,256,[121 16 7 0 -6 24 -6 24 -6 25 -5 24 -5 24 -3 24 -3 24 -3 24 -2 24 -2 24 -1 24 -1 23 0 23 0 25 0 24 0 25 0 25 -1 26 -1 26 -2 25 -2 26 -3 26 -4 27 -6 27 -8 26 0 0 0 0 0 0 0 0 0 0 0 0 0 0 0 0 0 0 0 0 0 0 0 9 -1 9 -2 10 -2 10 -2 11 -2 12 -3 13 -4 14 -4 14 -6 14 -6 15 -7 16 -7 15 -8 16 -8 16 -8 17 -8 17 -8 18 -7 18 -7 19 -7 20 -7 21 -7 22 -7 22 -7 23 -6 24 ]

CSI_DATA,AP,46:C6:EE:AC:4F:DC,-46,11,1,7,0,0,1,1,0,0,1,-96,1,6,0,27336655,0,121,0,0,27.5286,256,[121 16 7 0 -27 -2 -27 -1 -26 -1 -26 -1 -26 -1 -25 0 -25 1 -25 1 -25 2 -25 3 -25 3 -25 4 -25 4 -25 4 -25 4 -26 5 -25 4 -27 4 -27 4 -27 3 -27 2 -28 2 -28 1 -29 -1 -29 -3 0 0 0 0 0 0 0 0 0 0 0 0 0 0 0 0 0 0 0 0 0 0 -9 1 -10 1 -11 1 -12 1 -12 0 -13 0 -14 -1 -15 -1 -16 -2 -17 -2 -17 -3 -17 -4 -18 -4 -19 -5 -19 -5 -20 -5 -20 -5 -20 -4 -21 -5 -21 -4 -22 -4 -23 -4 -24 -3 -24 -3 -25 -2 -25 -2 ]

CSI_DATA,AP,46:C6:EE:AC:4F:DC,-43,11,1,7,0,0,1,0,0,0,1,-96,0,6,0,27667198,0,94,0,0,27.8593,256,[94 96 5 0 6 25 6 25 7 25 8 24 8 24 9 22 10 22 10 22 11 22 11 22 13 21 12 21 13 21 13 21 13 21 13 22 13 22 13 23 13 22 12 23 12 23 11 24 10 24 9 25 7 26 0 0 0 0 0 0 0 0 0 0 0 0 0 0 0 0 0 0 0 0 0 0 6 10 5 11 4 12 4 13 4 13 4 15 4 16 3 17 3 18 2 18 2 19 1 20 1 20 0 20 0 21 0 22 0 22 0 22 1 22 2 22 2 23 3 23 4 24 4 24 5 24 5 25 ]

CSI_DATA,AP,46:C6:EE:AC:4F:DC,-43,11,1,7,0,0,1,1,0,0,1,-96,1,6,0,27869363,0,219,0,0,28.0614,256,[-37 48 13 0 -25 6 -25 7 -24 7 -24 7 -24 8 -23 9 -22 9 -22 10 -22 10 -22 11 -21 11 -21 12 -20 12 -21 13 -21 13 -21 13 -21 13 -22 13 -22 13 -22 12 -22 12 -23 12 -23 11 -25 10 -25 8 0 0 0 0 0 0 0 0 0 0 0 0 0 0 0 0 0 0 0 0 0 0 -11 5 -11 4 -13 4 -14 4 -14 4 -15 3 -16 3 -17 3 -17 2 -19 2 -19 1 -20 1 -20 0 -20 0 -21 0 -22 0 -22 0 -22 1 -22 1 -22 2 -24 2 -24 3 -24 4 -24 4 -25 4 -24 5 ]
       
CSI_DATA,AP,46:C6:EE:AC:4F:DC,-43,11,1,7,0,0,1,0,0,0,1,-96,0,6,0,27873714,0,94,0,0,28.0695,256,[94 96 5 0 -20 14 -19 14 -19 15 -19 15 -18 16 -17 15 -16 16 -16 16 -15 17 -15 17 -15 18 -14 17 -14 18 -14 19 -14 19 -14 19 -14 19 -15 19 -15 19 -15 19 -15 18 -16 18 -17 18 -19 17 -20 16 0 0 0 0 0 0 0 0 0 0 0 0 0 0 0 0 0 0 0 0 0 0 -7 8 -8 8 -9 8 -10 8 -11 8 -11 8 -13 9 -14 9 -14 9 -16 8 -16 8 -17 8 -17 8 -18 7 -18 8 -18 8 -19 8 -19 9 -19 9 -19 10 -20 11 -20 11 -20 12 -20 12 -20 13 -20 13 ]

CSI_DATA,AP,46:C6:EE:AC:4F:DC,-47,11,1,7,0,0,1,1,0,0,1,-96,1,6,0,27962783,0,114,0,0,28.1546,256,[114 -96 6 0 -17 20 -17 20 -16 21 -16 20 -15 21 -14 21 -14 21 -13 22 -12 22 -12 23 -11 23 -11 23 -10 23 -11 24 -10 24 -11 24 -11 25 -11 26 -12 25 -12 25 -13 25 -14 26 -15 25 -17 25 -19 24 0 0 0 0 0 0 0 0 0 0 0 0 0 0 0 0 0 0 0 0 0 0 -5 7 -5 7 -6 8 -7 8 -8 8 -8 9 -9 10 -10 10 -10 10 -12 11 -12 11 -13 11 -14 11 -14 11 -15 12 -15 12 -15 12 -16 13 -16 13 -16 14 -16 15 -16 16 -16 17 -17 18 -17 18 -17 20 ]

CSI_DATA,AP,46:C6:EE:AC:4F:DC,-45,11,1,7,0,0,1,0,0,0,1,-96,0,6,0,28089917,0,94,0,0,28.2819,256,[94 96 5 0 -8 25 -7 26 -7 26 -6 25 -5 26 -4 25 -3 25 -2 25 -2 25 -2 25 -1 25 0 25 0 25 1 27 1 26 1 27 1 27 1 28 0 28 0 28 -1 28 -2 29 -3 29 -6 30 -8 30 0 0 0 0 0 0 0 0 0 0 0 0 0 0 0 0 0 0 0 0 0 0 -1 9 -2 10 -3 10 -3 11 -4 12 -4 13 -5 14 -5 14 -6 15 -8 15 -8 15 -9 16 -9 16 -10 16 -10 17 -10 18 -10 18 -10 19 -10 19 -9 20 -9 21 -9 22 -9 23 -9 23 -9 24 -9 24 ]

CSI_DATA,AP,46:C6:EE:AC:4F:DC,-42,11,1,7,0,0,1,1,0,0,1,-96,1,6,0,28295792,0,114,0,0,28.4877,256,[114 -96 6 0 15 -16 15 -17 15 -17 14 -17 13 -17 12 -17 12 -18 11 -18 11 -19 11 -19 11 -19 10 -19 9 -19 10 -20 10 -20 10 -20 11 -20 11 -20 11 -20 12 -19 12 -19 13 -19 14 -18 15 -18 16 -17 0 0 0 0 0 0 0 0 0 0 0 0 0 0 0 0 0 0 0 0 0 0 4 -9 5 -9 6 -9 7 -10 8 -10 8 -10 9 -11 10 -11 11 -11 12 -10 12 -10 13 -10 14 -10 14 -10 15 -10 15 -11 15 -11 15 -11 15 -11 15 -12 15 -13 16 -14 16 -14 16 -14 16 -15 16 -16 ]

CSI_DATA,AP,46:C6:EE:AC:4F:DC,-43,11,1,7,0,0,1,1,0,0,1,-96,1,6,0,28295910,0,129,0,0,28.4959,256,[-127 -112 7 0 -7 -26 -8 -26 -8 -26 -8 -25 -9 -25 -10 -23 -10 -23 -11 -23 -12 -23 -12 -23 -13 -23 -13 -22 -13 -22 -14 -22 -14 -23 -14 -23 -13 -23 -14 -24 -13 -24 -12 -24 -12 -24 -11 -25 -10 -25 -9 -26 -7 -27 0 0 0 0 0 0 0 0 0 0 0 0 0 0 0 0 0 0 0 0 0 0 -6 -11 -6 -12 -5 -12 -5 -13 -5 -14 -5 -15 -4 -17 -4 -18 -4 -18 -3 -19 -3 -20 -2 -20 -1 -20 -1 -21 -1 -21 -2 -23 -1 -22 -2 -23 -2 -22 -3 
-23 -3 -24 -4 -24 -4 -25 -5 -25 -5 -25 -5 -26 ]

CSI_DATA,AP,46:C6:EE:AC:4F:DC,-43,11,1,7,0,0,1,1,0,0,1,-96,1,6,0,28316445,0,114,0,0,28.5084,256,[114 -96 6 0 -1 25 -1 25 0 24 1 25 1 24 2 23 3 23 3 23 4 23 5 24 5 23 6 23 6 23 6 23 6 24 7 24 6 24 6 25 5 25 5 24 4 25 4 25 3 26 1 26 -1 26 0 0 0 0 0 0 0 0 0 0 0 0 0 0 0 0 0 0 0 0 0 0 2 10 2 11 1 11 0 12 0 13 0 14 -1 15 -1 16 -2 16 -3 17 -3 18 -4 18 -4 18 -5 18 -5 19 -5 20 -5 20 -5 20 -5 21 -5 21 -4 22 -3 22 -3 23 -3 24 -2 24 -2 25 ]

CSI_DATA,AP,46:C6:EE:AC:4F:DC,-43,11,1,7,0,0,1,1,0,0,1,-96,1,6,0,28316569,0,129,0,0,28.5157,256,[-127 -112 7 0 23 7 23 7 23 6 23 6 23 5 23 4 23 4 23 2 23 2 23 1 23 1 23 0 23 0 24 -1 24 -1 24 0 24 0 25 0 25 1 24 1 24 2 25 3 25 4 25 5 24 7 0 0 0 0 0 0 0 0 0 0 0 0 0 0 0 0 0 0 0 0 0 0 10 1 10 2 11 2 12 2 12 3 12 4 13 5 14 6 14 6 15 7 15 8 15 9 16 9 16 9 16 10 17 10 17 10 17 10 18 10 18 10 19 10 20 9 20 10 21 9 22 9 22 9 ]

CSI_DATA,AP,46:C6:EE:AC:4F:DC,-44,11,1,7,0,0,1,1,0,0,1,-96,1,6,0,28360710,0,114,0,0,28.5527,256,[114 -96 6 0 -24 12 -24 12 -23 13 -23 13 -22 13 -21 14 -21 14 -20 15 -20 16 -20 17 -19 17 -19 17 -19 18 -19 18 -19 18 -19 19 -20 18 -20 19 -21 18 -21 17 -21 17 -22 17 -23 16 -24 15 -25 13 0 0 0 0 0 0 0 0 0 0 0 0 0 0 0 0 0 0 0 0 0 0 -8 6 -9 6 -10 6 -11 7 -12 6 -12 6 -14 7 -15 7 -16 7 -17 6 -18 6 -19 6 -19 5 -20 5 -21 5 -21 5 -21 5 -21 6 -22 6 -22 6 -23 7 -23 8 -23 9 -23 9 -24 10 -24 10 ]

CSI_DATA,AP,46:C6:EE:AC:4F:DC,-44,11,1,7,0,0,1,1,0,0,1,-96,1,6,0,28365234,0,129,0,0,28.5606,256,[-127 -112 7 0 -15 -25 -15 -25 -15 -25 -16 -24 -17 -23 -18 -22 -18 -21 -18 -21 -19 -21 -20 -21 -20 -20 -20 -19 -21 -19 -22 -19 -22 -19 -22 -20 -21 -20 -22 -21 -22 -21 -22 -21 -21 -21 -21 -23 -19 -24 -19 -25 -17 -26 0 0 0 0 0 0 0 0 0 0 0 0 0 0 0 0 0 0 0 0 0 0 -8 -8 -8 -9 -8 -10 -8 -11 -9 -12 -9 -13 -9 -15 -9 -16 -9 -17 -8 -18 -8 -19 -7 -20 -7 -20 -7 -21 -7 -22 -8 -23 -8 -22 -8 -23 -9 -23 -9 -23 -11 -24 -11 -25 -11 -25 -12 -25 -13 -25 -13 -26 ]

CSI_DATA,AP,46:C6:EE:AC:4F:DC,-44,11,1,7,0,0,1,1,0,0,1,-96,1,6,0,28384987,0,129,0,0,28.577,256,[-127 -112 7 0 9 -27 9 -26 9 -28 8 -27 7 -27 6 -27 5 -26 4 -27 3 -28 2 -28 2 -28 1 -27 1 -27 1 -29 1 -29 1 -29 1 -29 1 -30 2 -30 2 -29 3 -29 4 -30 4 -30 6 -30 9 -29 0 0 0 0 0 0 0 0 0 0 0 0 0 0 0 0 0 0 0 0 0 0 0 -11 1 -12 2 -13 3 -13 4 -14 4 -15 5 -16 6 -16 7 -17 8 -17 9 -17 10 -18 11 -18 11 -18 12 -19 12 -20 12 -20 12 -20 12 -20 12 -21 12 -22 12 -23 12 -24 11 -25 11 -25 11 -26 ]
        
CSI_DATA,AP,46:C6:EE:AC:4F:DC,-43,11,1,7,0,0,1,1,0,0,1,-96,1,6,0,28385107,0,114,0,0,28.5849,256,[114 -96 6 0 -17 -22 -17 -22 -16 -22 -18 -22 -18 -20 -18 -19 -18 -19 -19 -18 -19 -18 -20 -18 -21 -18 -21 -17 -22 -17 -21 -16 -22 -17 -22 -17 -22 -17 -22 -18 -22 -18 -22 -18 -21 -19 -21 -20 -20 -21 -19 -23 -18 -24 0 0 0 0 0 0 0 0 0 0 0 0 0 0 0 0 0 0 0 0 0 0 -9 -6 -9 -7 -9 -8 -10 -9 -10 -10 -10 -12 -10 -13 -11 -14 -10 -15 -10 -15 -10 -17 -9 -18 -9 -18 -9 -19 -10 -20 -10 -20 -10 -21 -10 -20 -11 -21 -11 -21 -12 -21 -13 -22 -13 -22 -13 -22 -15 -23 -15 -23 ]

CSI_DATA,AP,F8:F5:32:95:F9:7D,-66,11,0,0,0,0,0,0,0,0,0,-96,0,6,0,28464352,0,68,0,0,28.6563,128,[68 64 4 0 -6 -28 -8 -28 -8 -28 -6 -26 -8 -24 -7 -22 -5 -20 -6 -16 -8 -12 -13 -9 -16 -8 -19 -7 -24 -9 -25 -9 -26 -14 -24 -16 -22 -18 -17 -20 -13 -19 -8 -16 -5 -14 -2 -8 -3 -3 -5 0 -7 4 0 0 0 0 0 0 0 0 0 0 0 0 0 0 0 0 0 0 0 0 0 0 4 -10 4 -11 4 -14 4 -16 5 -19 6 -23 10 -23 12 -25 14 -25 17 -24 17 -23 18 -21 17 -20 16 -18 13 -19 11 -19 9 -20 8 -20 6 -23 5 -24 3 -25 2 -26 -1 -26 0 -27 -2 -27 -4 -27 ]

CSI_DATA,AP,F8:F5:32:95:F9:7D,-66,11,0,0,0,0,0,0,0,0,0,-96,0,6,0,28471513,0,80,0,0,28.6642,128,[80 0 5 0 6 23 7 23 6 23 7 23 7 21 7 19 5 16 6 12 8 9 10 7 13 5 16 4 20 6 21 7 23 11 21 13 19 16 15 16 11 16 7 14 4 11 1 6 1 3 2 -1 6 -4 0 0 0 0 0 0 0 0 0 0 0 0 0 0 0 0 0 0 0 0 0 0 -5 8 -4 9 -4 12 -5 14 -6 16 -7 18 -9 20 -11 21 -13 20 -15 20 -17 20 -17 19 -16 17 -15 17 -13 16 -11 16 -10 18 -7 18 -5 20 -5 21 -3 21 -2 23 -1 22 -1 23 1 23 2 22 ]

CSI_DATA,AP,46:C6:EE:AC:4F:DC,-43,11,1,7,0,0,1,1,0,0,1,-96,1,6,0,28875887,0,124,0,0,29.068,256,[124 64 7 0 24 -2 24 -2 24 -2 24 -3 24 -4 23 -5 23 -5 23 -6 22 -7 23 -8 22 -8 22 -8 22 -8 22 -9 23 -9 23 -9 23 -9 24 -9 24 -8 24 -8 24 -7 25 -7 25 -6 26 -4 27 -2 0 0 0 0 0 0 0 0 0 0 0 0 0 0 0 0 0 0 0 0 0 0 9 -4 10 -4 11 -4 12 -3 12 -2 13 -2 14 -1 15 -1 15 0 16 0 16 1 
17 2 17 2 18 2 18 2 18 3 19 2 19 2 20 2 20 1 21 1 22 1 22 1 23 0 23 0 23 -1 ]

CSI_DATA,AP,46:C6:EE:AC:4F:DC,-43,11,1,7,0,0,1,0,0,0,1,-96,0,6,0,28881656,0,102,0,0,29.0755,256,[102 -32 5 0 -2 26 -1 26 -1 26 0 27 1 26 2 25 2 25 3 25 4 25 4 25 5 25 5 24 6 25 6 25 6 26 6 26 6 26 6 27 5 27 5 27 4 27 3 28 2 28 0 29 -2 29 0 0 0 0 0 0 0 0 0 0 0 0 0 0 0 0 0 0 0 0 0 0 3 10 2 12 1 12 1 13 0 13 0 15 -1 16 -1 16 -2 17 -3 17 -4 18 -5 19 -5 19 -6 19 -6 
20 -6 20 -6 21 -6 21 -5 21 -5 22 -5 23 -4 23 -4 24 -4 25 -3 25 -2 26 ]

CSI_DATA,AP,46:C6:EE:AC:4F:DC,-41,11,1,7,0,0,1,0,0,0,1,-96,0,6,0,29013482,0,102,0,0,29.2054,256,[102 -32 5 0 21 -18 21 -18 21 -19 20 -19 19 -20 18 -20 17 -21 16 -22 16 -22 15 -23 15 -23 14 -23 14 -23 14 -24 14 -24 14 -24 15 -24 15 -25 15 -24 16 -24 16 -23 17 -23 17 -22 19 -22 21 -20 0 0 0 0 0 0 0 0 0 0 0 0 0 0 0 0 0 0 0 0 0 0 7 -12 9 -12 10 -12 11 -12 12 -12 13 -12 15 -12 16 -12 17 -11 18 -11 19 -11 19 -11 20 -10 20 -10 21 -10 21 -11 21 -11 21 -11 21 -11 21 -12 22 -13 22 -14 22 -15 22 -15 22 -16 22 -16 ]

CSI_DATA,AP,BC:9B:68:B5:B0:F3,-59,11,0,0,0,0,0,0,0,0,0,-96,0,6,0,29014515,0,68,0,0,29.2136,128,[68 64 4 0 12 -11 12 -5 11 -1 9 3 9 8 9 12 10 15 11 19 12 20 14 21 16 20 17 17 19 15 19 11 18 7 17 2 15 -2 12 -7 11 -11 7 -14 4 -16 0 -17 -2 -18 -3 -17 -4 -16 0 0 0 0 0 0 0 0 0 0 0 0 0 0 0 0 0 0 0 0 0 0 5 8 1 5 -3 2 -8 -2 -12 -6 -16 -9 -20 -13 -24 -15 -26 -18 -30 -19 -31 -21 -32 -22 -30 -20 -29 -20 -25 -18 -23 -18 -18 -16 -14 -14 -9 -13 -4 -14 0 -14 4 -14 8 -16 12 -17 13 -18 15 -17 ]
   
CSI_DATA,AP,BC:9B:68:B5:B0:F3,-60,11,0,0,0,0,0,0,0,0,0,-96,0,6,0,29014673,0,80,0,0,29.221,128,[80 0 5 0 -8 12 -7 9 -9 4 -10 0 -11 -3 -13 -6 -14 -9 -17 -11 -19 -11 -21 -12 -21 -9 -21 -8 -22 -6 -20 -1 -18 1 -15 5 -13 8 -9 9 -5 12 -1 13 3 13 6 13 7 12 8 11 8 10 0 0 0 0 0 0 0 0 0 0 0 0 0 0 0 0 0 0 0 0 0 0 -8 -5 -4 -5 0 -4 5 -2 11 -1 15 -1 20 1 24 1 27 2 30 2 32 3 32 3 31 3 29 3 26 3 24 3 19 3 15 5 11 6 8 9 4 11 2 13 0 14 -4 17 -4 19 -5 19 ]

CSI_DATA,AP,F8:F5:32:95:F9:7D,-66,11,0,0,0,0,0,0,0,0,0,-96,0,6,0,29094355,0,68,0,0,29.2865,128,[68 64 4 0 22 -9 23 -11 23 -12 23 -12 22 -12 20 -12 19 -11 15 -12 12 -12 9 -15 7 -19 6 -20 7 -24 8 -26 12 -26 15 -25 17 -22 17 -18 17 -14 14 -10 11 -7 8 -5 1 -5 -1 -7 -4 -10 0 0 0 0 0 0 0 0 0 0 0 0 0 0 0 0 0 0 0 0 0 0 9 2 12 1 14 0 17 1 21 3 23 5 26 8 26 12 27 15 24 16 23 18 21 18 19 16 18 14 18 12 19 9 19 5 22 3 23 1 24 0 27 1 27 -1 28 1 27 0 26 -1 25 -2 ]

CSI_DATA,AP,F8:F5:32:95:F9:7D,-66,11,0,0,0,0,0,0,0,0,0,-96,0,6,0,29094531,0,80,0,0,29.2942,128,[80 0 5 0 11 18 13 18 14 17 14 17 15 17 15 16 13 14 13 12 13 8 14 6 16 3 19 2 21 2 24 4 25 7 23 9 22 12 19 14 14 14 10 12 7 9 5 5 4 1 5 -2 7 -5 0 0 0 0 0 0 0 0 0 0 0 0 0 0 0 0 0 0 0 0 0 0 1 9 3 11 3 12 3 16 3 18 1 21 1 25 -2 25 -4 26 -7 25 -9 25 -9 24 -9 21 -7 20 -5 19 -4 19 -1 19 2 19 4 20 5 21 5 23 5 26 6 24 6 25 6 22 9 21 ]

CSI_DATA,AP,BC:9B:68:B5:B0:F3,-59,11,0,0,0,0,0,0,0,0,0,-96,0,6,0,29634612,0,68,0,0,29.8267,128,[68 64 4 0 18 -8 14 -5 12 -1 7 4 3 9 0 14 -2 17 -3 22 -3 24 -2 28 0 27 2 27 5 25 8 23 10 19 12 14 13 9 14 3 15 -2 14 -7 13 -11 13 -15 11 -16 10 -17 8 -16 0 0 0 0 0 0 0 0 0 0 0 0 0 0 0 0 0 0 0 0 0 0 5 9 1 7 -2  4 -60 -9 -4 -13 -8 -16 -12 -19 -15 -23 -18 -25 -22 -27 -24 -27 -25 -26 -25 -25 -23 -23 -21 -21 -22 -16 -17 -13 -16 -7 -14 -2 -13 3 -13 8 -13 13 -12 17 -13 20 -13 21 -13 ]

CSI_DATA,AP,BC:9B:68:B5:B0:F3,-59,11,0,0,0,0,0,0,0,0,0,-96,0,6,0,29634797,0,80,0,0,29.8346,128,[80 0 5 0 -17 -11 -13 -10 -7 -9 -2 -9 5 -9 10 -9 14 -10 19 -12 21 -14 23 -16 21 -18 19 -19 17 -21 13 -20 9 -20 4 -19 -1 -17 -7 -14 -11 -11 -14 -9 -17 -5 -19 -3 -20 -1 -20 1 -19 2 0 0 0 0 0 0 0 0 0 0 0 0 0 0 0 0 0 0 0 0 0 0 3 -11 4 -7 4 -2 3 3 3 8 2 14 0 20 -1 24 0 29 -1 31 -2 35 -3 37 -2 35 -3 33 -3 30 -3 28 -4 22 -5 18 -7 14 -9 9 -11 4 -15 1 -18 -3 -21 -5 -23 -9 -23 -10 ]

CSI_DATA,AP,F8:F5:32:95:F9:7D,-66,11,0,0,0,0,0,0,0,0,0,-96,0,6,0,29699380,0,68,0,0,29.8914,128,[68 64 4 0 -21 -5 -22 -5 -22 -4 -22 -3 -22 -2 -21 -2 -19 -1 -17 0 -15 2 -15 6 -14 10 -15 12 -16 14 -20 16 -22 15 -24 13 -24 10 -24 6 -21 3 -17 0 -12 0 -8 -1 -3 3 -2 5 -1 9 0 0 0 0 0 0 0 0 0 0 0 0 0 0 0 0 0 0 0 0 0 0 -4 -7 -7 -7 -8 -10 -10 -12 -11 -15 -11 -19 -11 -21 -9 -24 -7 -26 -5 -25 -3 -25 -2 -23 -2 -20 -3 -19 -5 -17 -8 -16 -11 -15 -13 -15 -16 -14 -18 -15 -19 -17 -20 -16 -20 -16 -20 -17 -19 -14 -19 -13 ]

CSI_DATA,AP,F8:F5:32:95:F9:7D,-66,11,0,0,0,0,0,0,0,0,0,-96,0,6,0,29699547,0,80,0,0,29.8994,128,[80 0 5 0 -13 -14 -14 -15 -14 -14 -16 -14 -14 -13 -15 -12 -13 -11 -14 -8 -13 -6 -14 -2 -17 -1 -18 2 -22 1 -23 1 -27 -1 -24 -4 -24 -6 -20 -9 -17 -8 -13 -9 -9 -7 -6 -4 -4 0 -5 3 -6 6 0 0 0 0 0 0 0 0 0 0 0 0 0 0 0 0 0 0 0 0 0 0 -1 -8 -2 -8 -2 -11 -2 -14 -1 -18 0 -19 3 -21 5 -22 6 -23 9 -21 8 -21 10 -18 8 -16 7 -16 4 -14 0 -16 -1 -15 -4 -17 -5 -19 -6 -20 -6 -22 -6 -21 -7 -23 -6 -21 -8 -21 -7 -20 ]

CSI_DATA,AP,46:C6:EE:AC:4F:DC,-44,11,1,7,0,0,1,0,0,0,1,-96,0,6,0,29985243,0,94,0,0,30.1773,256,[94 96 5 0 -17 -19 -16 -18 -17 -18 -17 -18 -18 -17 -18 -16 -18 -15 -19 -15 -20 -15 -20 -14 -21 -14 -21 -13 -21 -13 -22 -13 -22 -13 -22 -14 -22 -14 -23 -15 -22 -15 -22 -15 -21 -16 -22 -17 -21 -18 -20 -20 -19 -21 0 0 0 0 0 0 0 0 0 0 0 0 0 0 0 0 0 0 0 0 0 0 -7 -5 -7 -6 -7 -6 -8 -7 -8 -8 -8 -9 -9 -10 -9 -11 -9 -12 -9 -12 -9 -14 -9 -15 -9 -15 -9 -15 -9 -16 -9 -17 -10 -17 -10 -17 -10 -17 -11 17 -12 -18 -13 -18 -13 -19 -14 -19 -14 -18 -15 -19 ]

CSI_DATA,AP,46:C6:EE:AC:4F:DC,-45,11,1,7,0,0,1,1,0,0,1,-96,1,6,0,30130754,0,114,0,0,30.3227,256,[114 -96 6 0 14 19 14 19 15 19 15 18 15 18 15 17 16 16 16 16 17 16 18 15 18 15 18 14 18 14 19 14 19 14 20 15 19 15 20 16 20 16 19 17 19 17 19 18 18 18 18 20 16 22 0 0 0 0 0 0 0 0 0 0 0 0 0 0 0 0 0 0 0 0 0 0 5 5 5 6 5 6 5 7 6 8 6 9 6 10 6 11 6 11 6 12 6 13 7 14 7 14 7 15 7 16 7 16 7 16 7 17 8 17 9 17 10 18 10 18 11 19 12 19 12 19 12 19 ]

CSI_DATA,AP,BC:9B:68:B5:B0:F3,-60,11,0,0,0,0,0,0,0,0,0,-96,0,6,0,30234536,0,68,0,0,30.4265,128,[68 64 4 0 15 -14 13 -9 12 -5 9 1 8 7 7 11 7 16 8 20 10 21 11 25 13 24 15 22 17 21 18 16 18 12 16 7 16 1 14 -4 10 -9 8 -13 4 -15 1 -17 -2 -19 -3 -19 -5 -18 0 0 0 0 0 0 0 0 0 0 0 0 0 0 0 0 0 0 0 0 0 0 3 9 0 7 -3 5 -7 1 -10 -2 -13 -5 -16 -9 -20 -11 -23 -15 -25 -16 -28 -18 -28 -19 -29 -19 -27 -18 -24 -16 -23 -16 -18 -14 -15 -13 -10 -13 -6 -14 -1 -14 4 -15 8 -16 11 -19 15 -19 16 -19 ] 
     
CSI_DATA,AP,BC:9B:68:B5:B0:F3,-60,11,0,0,0,0,0,0,0,0,0,-96,0,6,0,30234694,0,80,0,0,30.4346,128,[80 0 5 0 -12 15 -12 11 -11 6 -10 0 -10 -5 -11 -10 -11 -15 -13 -19 -15 -20 -18 -23 -19 -21 -21 -20 -22 -17 -22 -13 -21 -9 -18 -3 -16 0 -13 5 -10 10 -6 13 -2 15 1 16 4 17 6 16 6 15 0 0 0 0 0 0 0 0 0 0 0 0 0 0 0 0 0 0 0 0 0 0 -6 -9 -3 -8 0 -6 5 -4 9 -1 13 1 17 3 20 6 24 8 27 9 30 11 31 11 30 12 29 11 27 10 24 10 19 9 15 9 12 9 7 11 2 12 -2 15 -5 16 -9 20 -11 21 -12 21 ]

CSI_DATA,AP,3C:B7:4B:70:F6:CA,-71,11,0,0,0,0,0,0,0,0,0,-96,0,6,0,30394786,0,68,0,0,30.5869,128,[68 64 4 0 0 18 3 18 7 18 10 21 11 23 13 24 13 25 13 26 10 28 9 30 7 28 1 29 -4 27 -7 24 -9 16 -10 11 -8 4 -4 1 2 -3 6 -5 11 -4 19 1 20 6 22 12 18 18 0 0 0 0 0 0 0 0 0 0 0 0 0 0 0 0 0 0 0 0 0 0 -9 -21 -9 -21 -9 -21 -11 -20 -11 -17 -12 -15 -15 -13 -19 -12 -20 -8 -26 -7 -26 -7 -31 -9 -34 -7 -32 -6 -32 -5 -31 -7 -27 -2 -24 1 -24 2 -21 6 -20 7 -19 10 -15 13 -14 13 -11 14 -10 15 ]

CSI_DATA,AP,3C:B7:4B:70:F6:CA,-71,11,0,0,0,0,0,0,0,0,0,-96,0,6,0,30415328,0,74,0,0,30.6073,128,[74 -96 4 0 6 16 9 16 12 16 16 15 17 16 21 18 23 18 21 21 19 22 17 28 15 27 9 26 6 26 2 23 -4 18 -5 13 -4 7 -4 1 0 -4 6 -8 12 -7 17 -6 22 1 24 5 22 12 0 0 0 0 0 0 0 0 0 0 0 0 0 0 0 0 0 0 0 0 0 0 -16 -17 -17 -16 -15 -15 -17 -15 -16 -12 -17 -9 -22 -6 -21 -2 -23 0 -25 1 -30 5 -30 3 -32 5 -31 6 -28 5 -30 5 -28 7 -25 9 -21 8 -18 11 -16 15 -12 16 -9 15 -9 20 -6 19 -2 19 ]

CSI_DATA,AP,46:C6:EE:AC:4F:DC,-43,11,1,7,0,0,1,0,0,0,1,-96,0,6,0,30756433,0,94,0,0,30.9484,256,[94 96 5 0 -25 -1 -25 0 -24 0 -24 0 -24 1 -23 2 -23 2 -23 3 -23 4 -23 4 -23 5 -23 5 -23 6 -23 6 -24 6 -24 6 -24 6 -25 6 -25 5 -25 5 -24 4 -25 3 -26 3 -26 1 -26 -1 0 0 0 0 0 0 0 0 0 0 0 0 0 0 0 0 0 0 0 0 0 0 -9 1 -10 1 -11 1 -12 0 -12 0 -13 0 -14 -1 -15 -2 -15 -2 -16 -2 -17 -3 -17 -4 -18 -4 -18 -5 -18 -5 -19 -5 -19 -5 -19 -5 -20 -5 -21 -4 -21 -4 -22 -4 -22 -3 -23 -3 -23 -3 -23 -2 ] 
     
CSI_DATA,AP,3C:B7:4B:70:F6:CA,-71,11,0,0,0,0,0,0,0,0,0,-96,0,6,0,30955069,0,68,0,0,31.1471,128,[68 64 4 0 8 -11 6 -14 7 -18 4 -22 9 -25 8 -26 9 -28 11 -28 14 -28 16 -26 17 -23 20 -21 18 -15 19 -9 14 -7 13 -1 7 0 1 2 -4 1 -8 -3 -13 -8 -13 -14 -11 -20 -6 -26 -2 -27 0 0 0 0 0 0 0 0 0 0 0 0 0 0 0 0 0 0 0 0 0 0 -11 21 -10 21 -11 21 -11 20 -7 18 -7 18 -4 18 2 19 4 20 9 21 11 22 10 26 16 24 19 26 14 23 15 27 14 21 15 21 18 16 19 13 18 11 19 8 18 2 18 2 16 0 18 -3 ]

CSI_DATA,AP,3C:B7:4B:70:F6:CA,-71,11,0,0,0,0,0,0,0,0,0,-96,0,6,0,30955254,0,74,0,0,31.1548,128,[74 -96 4 0 2 15 4 18 10 18 9 18 12 20 12 23 13 24 12 30 10 26 7 28 4 25 -1 26 -3 25 -7 19 -7 14 -9 12 -5 5 -5 0 3 -3 6 -3 11 -1 17 0 21 5 18 10 18 18 0 0 0 0 0 0 0 0 0 0 0 0 0 0 0 0 0 0 0 0 0 0 -11 -19 -11 -21 -13 -22 -14 -20 -12 -18 -14 -15 -15 -12 -17 -10 -21 -7 -24 -5 -26 -4 -31 -4 -31 -5 -33 -3 -33 -1 -30 -2 -30 0 -23 0 -23 2 -19 5 -21 7 -19 9 -17 11 -15 13 -11 10 -9 15 ]

CSI_DATA,AP,3C:B7:4B:70:F6:CA,-71,11,0,0,0,0,0,0,0,0,0,-96,0,6,0,31509789,0,68,0,0,31.7019,128,[68 64 4 0 3 -15 1 -18 -7 -16 -6 -19 -9 -20 -12 -25 -13 -26 -12 -30 -8 -29 -6 -31 -3 -30 0 -30 5 -25 9 -21 11 -15 9 -10 7 -3 2 1 -3 1 -6 4 -12 1 -18 -2 -19 -7 -19 -12 -17 -19 0 0 0 0 0 0 0 0 0 0 0 0 0 0 0 0 0 0 0 0 0 0 0 20 2 21 2 20 3 19 5 17 6 17 9 16 10 14 16 14 18 11 20 11 23 13 24 9 26 8 27 10 24 10 25 3 22 4 23 1 22 -2 21 -3 19 -7 18 -8 14 -9 16 -12 10 -11 ]

CSI_DATA,AP,3C:B7:4B:70:F6:CA,-70,11,0,0,0,0,0,0,0,0,0,-96,0,6,0,31509948,0,74,0,0,31.7096,128,[74 -96 4 0 8 -7 10 -14 8 -13 9 -17 11 -21 11 -24 13 -25 16 -25 16 -25 20 -24 20 -18 22 -16 20 -12 21 -5 17 -2 13 1 8 3 1 1 -3 1 -7 -4 -10 -9 -10 -13 -7 -19 -4 -23 2 -24 0 0 0 0 0 0 0 0 0 0 0 0 0 0 0 0 0 0 0 0 0 0 -15 15 -15 15 -13 15 -12 15 -11 15 -8 16 -7 16 -4 18 -1 20 3 21 5 25 4 27 8 23 9 26 12 26 11 27 10 23 10 19 15 16 14 14 17 12 18 12 16 11 16 6 17 2 14 5 ]

CSI_DATA,AP,46:C6:EE:AC:4F:DC,-43,11,1,7,0,0,1,1,0,0,1,-96,1,6,0,31578358,0,122,0,0,31.7704,256,[122 32 7 0 -15 18 -15 19 -14 19 -14 19 -13 19 -12 19 -11 19 -11 19 -10 19 -10 20 -9 20 -9 20 -9 21 -8 21 -9 22 -9 21 -10 22 -10 22 -11 22 -11 21 -11 21 -12 21 -13 21 -15 21 -17 19 0 0 0 0 0 0 0 0 0 0 0 0 0 0 0 0 0 0 0 0 0 0 -6 10 -7 10 -8 10 -9 10 -9 10 -10 11 -11 11 -12 12 -12 12 -13 11 -14 12 -14 12 -15 12 -15 12 -16 12 -16 12 -16 13 -16 12 -16 13 -16 14 -16 14 -16 15 -16 16 -16 16 -15 17 -15 18 ]

CSI_DATA,AP,46:C6:EE:AC:4F:DC,-44,11,1,7,0,0,1,1,0,0,1,-96,1,6,0,31591281,0,122,0,0,31.7833,256,[122 32 7 0 -5 -11 -6 -11 -6 -11 -7 -11 -6 -11 -7 -10 -7 -10 -7 -10 -8 -9 -8 -9 -8 -9 -8 -9 -8 -9 -8 -10 -9 -9 -9 -9 -8 -9 -8 -10 -8 -10 -8 -10 -8 -11 -8 -11 -7 -11 -7 -12 -6 -12 0 0 0 0 0 0 0 0 0 0 0 0 0 0 0 0 0 0 0 0 0 0 -4 -6 -3 -6 -3 -6 -4 -7 -3 -7 -3 -8 -3 -8 -3 -9 -3 -9 -3 -9 -3 -10 -3 -10 -2 -10 -2 -10 -3 -10 -3 -10 -2 -11 -3 -11 -3 -11 -3 -10 -3 -11 -4 -11 -4 -11 -4 -11 -5 -11 
-5 -12 ]

CSI_DATA,AP,3C:B7:4B:18:30:7F,-76,11,0,0,0,0,0,0,0,0,0,-96,0,6,0,33953395,0,68,0,0,34.1456,128,[68 64 4 0 11 7 15 7 19 4 16 2 21 -3 24 -5 24 -6 28 -11 30 -11 26 -6 28 -7 25 -1 23 -6 14 -6 13 -2 8 -7 8 -8 3 -11 1 -15 4 -14 5 -19 9 -13 8 -12 9 -13 11 -4 0 0 0 0 0 0 0 0 0 0 0 0 0 0 0 0 0 0 0 0 0 0 -19 1 -21 -4 -26 -4 -27 -5 -27 -6 -24 -9 -24 -7 -19 -8 -20 -7 -11 -10 -15 -4 -7 -1 -5 -3 -2 5 4 8 5 24 4 24 2 25 1 24 1 27 3 25 -1 28 -1 22 -1 21 0 21 6 22 ]

CSI_DATA,AP,3C:B7:4B:18:30:7F,-77,11,0,0,0,0,0,0,0,0,0,-96,0,6,0,33954331,0,80,0,0,34.1533,128,[80 0 5 0 -6 -11 5 -7 4 -17 -13 -29 2 -22 -8 -29 0 -31 0 -29 -3 -25 0 -18 -14 -24 -8 -21 8 -14 14 -15 1 -15 -7 -2 -7 -7 -15 -5 -13 -7 -19 -7 -17 -5 -15 -3 -12 -6 -7 -11 -6 -9 0 0 0 0 0 0 0 0 0 0 0 0 0 0 0 0 0 0 0 0 0 0 -11 11 -16 14 -18 9 -22 14 -19 16 -20 13 -21 11 -16 9 -17 6 -15 6 -11 2 -12 -4 5 -1 5 -1 12 -1 13 7 21 7 21 12 22 10 23 10 25 13 20 1 20 5 20 3 24 -13 31 2 ]

CSI_DATA,AP,00:CB:7A:0E:69:04,-88,11,0,0,0,0,0,0,0,0,0,-96,0,6,0,34355250,0,144,0,0,34.5475,128,[-112 0 9 0 -14 -2 -8 3 -11 4 -6 9 -15 8 -11 11 -13 16 -16 15 -9 13 -6 21 -13 13 -1 6 -10 9 -8 9 -6 2 0 12 -4 7 -7 5 -5 4 -2 5 -4 4 -6 3 -3 4 -5 -3 -3 -3 0 0 0 0 0 0 0 0 0 0 0 0 0 0 0 0 0 0 0 0 0 0 -2 3 -8 -4 2 -7 -5 -10 2 -6 -4 -6 -4 -11 -10 -10 -11 -12 -5 -13 -5 -15 -10 -15 -7 -22 -3 -23 1 -23 -2 -23 -4 -24 4 -21 -3 -15 -3 -21 -4 -13 -2 -8 -12 -9 -8 -5 -6 -14 -15 -5 ]

CSI_DATA,AP,46:C6:EE:AC:4F:DC,-47,11,1,7,0,0,1,1,0,0,1,-96,1,6,0,34369366,0,110,0,0,34.5613,256,[110 96 6 0 -23 10 -23 11 -23 11 -23 11 -23 12 -22 12 -22 12 -22 13 -22 13 -22 14 -21 14 -21 14 -21 15 -21 15 -21 15 -22 15 -22 15 -23 15 -24 15 -23 14 -24 13 -25 13 -26 12 -27 11 -28 8 0 0 0 0 0 0 0 0 0 0 0 0 0 0 0 0 0 0 0 0 0 0 -11 2 -11 2 -11 2 -12 2 -12 2 -12 2 -13 2 -14 2 -14 2 -15 2 -15 2 -16 2 -17 2 -17 2 -18 2 -18 3 -18 3 -19 4 -19 4 -19 5 -20 5 -20 6 -21 7 -22 8 -22 8 -22 9 ] 

CSI_DATA,AP,3C:B7:4B:18:30:7F,-75,11,0,0,0,0,0,0,0,0,0,-96,0,6,0,34732821,0,80,0,0,34.925,128,[80 0 5 0 6 -19 7 -15 -1 -17 -4 -23 -5 -26 -9 -30 -8 -26 -10 -32 -9 -30 -9 -30 -6 -27 -3 -26 -7 -22 -2 -15 -6 -8 -10 -9 -11 -11 -14 -6 -16 -5 -19 -6 -16 -7 -17 -9 -17 -14 -7 -12 -4 -9 0 0 0 0 0 0 0 0 0 0 0 0 0 0 0 0 0 0 0 0 0 0 5 17 2 19 2 24 -1 28 -2 25 -4 22 -5 21 -4 16 -6 16 -6 14 -4 8 0 8 3 1 11 -2 19 -6 19 -7 18 -5 23 -8 27 -1 25 0 23 -3 24 4 21 -3 20 -3 20 -8 20 -10 ]

CSI_DATA,AP,46:C6:EE:AC:4F:DC,-46,11,1,7,0,0,1,1,0,0,1,-96,1,6,0,36503640,0,129,0,0,36.6956,256,[-127 -112 7 0 18 15 18 15 18 14 19 13 19 13 19 11 19 11 19 11 20 10 20 9 20 9 20 8 21 8 21 8 22 8 22 9 22 9 23 9 23 9 22 10 22 10 23 12 22 13 22 15 21 16 0 0 0 0 0 0 0 0 0 0 0 0 0 0 0 0 0 0 0 0 0 0 12 10 12 11 11 11 11 12 11 12 11 13 11 14 11 15 11 15 11 15 10 16 10 17 10 17 10 17 11 17 11 17 11 17 11 17 12 16 12 16 14 16 15 16 15 17 15 16 16 16 16 16 ]

CSI_DATA,AP,46:C6:EE:AC:4F:DC,-46,11,1,7,0,0,1,1,0,0,1,-96,1,6,0,36504016,0,114,0,0,36.7032,256,[114 -96 6 0 -25 -1 -25 0 -24 0 -25 0 -24 1 -23 2 -23 3 -23 3 -23 4 -23 5 -23 6 -23 6 -23 6 -23 6 -24 7 -23 6 -24 7 -25 6 -25 6 -25 6 -25 4 -26 4 -27 4 -28 2 -28 0 0 0 0 0 0 0 0 0 0 0 0 0 0 0 0 0 0 0 0 0 0 0 -16 0 -17 -1 -17 -1 -18 -2 -17 -3 -18 -3 -18 -4 -19 -4 -19 -5 -19 -5 -20 -6 -20 -6 -20 -6 -20 -6 -21 -7 -20 -7 -21 -6 -20 -6 -21 -5 -21 -5 -23 -5 -23 -4 -23 -3 -24 -3 -24 -2 -24 -2 ]

CSI_DATA,AP,46:C6:EE:AC:4F:DC,-45,11,1,7,0,0,1,1,0,0,1,-96,1,6,0,36523731,0,129,0,0,36.7157,256,[-127 -112 7 0 -21 17 -20 17 -20 17 -19 18 -19 18 -17 18 -17 18 -16 19 -16 20 -15 20 -15 21 -14 20 -14 21 -14 22 -14 22 -15 22 -15 22 -16 23 -16 23 -17 22 -17 22 -19 22 -19 21 -22 21 -23 19 0 0 0 0 0 0 0 0 0 0 0 0 0 0 0 0 0 0 0 0 0 0 -12 11 -13 10 -14 10 -15 10 -16 9 -16 9 -17 10 -18 9 -18 9 -19 9 -20 9 -20 9 -21 8 -21 8 -21 9 -21 9 -21 10 -21 10 -21 10 -21 11 -22 11 -21 13 -22 13 -21 14 -22 15 -21 15 ]

CSI_DATA,AP,46:C6:EE:AC:4F:DC,-46,11,1,7,0,0,1,1,0,0,1,-96,1,6,0,36523858,0,114,0,0,36.7238,256,[114 -96 6 0 10 23 10 23 10 22 11 22 11 21 12 20 12 20 13 20 14 19 15 19 15 19 15 18 15 18 16 18 16 19 16 19 16 19 16 20 16 21 15 21 15 21 15 22 14 23 13 25 11 26 0 0 0 0 0 0 0 0 0 0 0 0 0 0 0 0 0 0 0 0 0 0 7 13 7 15 6 14 5 15 5 15 5 17 5 18 4 18 4 19 3 19 3 20 3 20 3 20 3 20 3 21 3 21 3 21 3 21 4 21 4 21 5 22 6 22 6 23 8 23 8 23 9 23 ]

CSI_DATA,AP,46:C6:EE:AC:4F:DC,-44,11,1,7,0,0,1,1,0,0,1,-96,1,6,0,36557052,0,114,0,0,36.749,256,[114 -96 6 0 10 23 11 23 11 22 12 22 12 22 12 20 13 20 13 20 14 19 15 19 16 19 15 18 16 19 16 18 16 19 17 19 16 20 16 21 16 21 15 21 15 21 14 23 14 23 13 25 10 26 0 0 0 0 0 0 0 0 0 0 0 0 0 0 0 0 0 0 0 0 0 0 7 12 7 13 6 13 6 14 6 14 6 16 5 17 5 18 5 18 4 18 4 19 4 20 4 20 4 20 3 21 4 21 4 22 4 21 5 21 5 21 6 23 7 23 7 23 8 23 9 23 9 24 ]

CSI_DATA,AP,46:C6:EE:AC:4F:DC,-44,11,1,7,0,0,1,1,0,0,1,-96,1,6,0,36558672,0,129,0,0,36.7563,256,[-127 -112 7 0 -25 -10 -25 -9 -25 -9 -25 -9 -25 -8 -25 -7 -25 -6 -25 -6 -25 -5 -26 -3 -26 -3 -26 -3 -26 -3 -26 -2 -26 -2 -26 -2 -27 -3 -27 -4 -27 -5 -27 -5 -27 -6 -27 -6 -27 -7 -28 -9 -27 -11 0 0 0 0 0 0 0 0 0 0 0 0 0 0 0 0 0 0 0 0 0 0 -14 -4 -15 -5 -15 -5 -16 -6 -15 -7 -16 -8 -16 -9 -17 -10 -17 -10 -17 -10 -18 -11 -18 -12 -18 -12 -18 -12 -19 -13 -18 -13 -19 -13 -19 -13 -20 -13 -20 -12 -21 -13 -22 -12 -22 -12 -24 -11 -24 -11 -24 -11 ]

CSI_DATA,AP,46:C6:EE:AC:4F:DC,-44,11,1,7,0,0,1,1,0,0,1,-96,1,6,0,36581594,0,114,0,0,36.7736,256,[114 -96 6 0 -15 -21 -16 -21 -15 -20 -16 -20 -17 -19 -17 -18 -17 -17 -18 -17 -18 -17 -19 -16 -20 -16 -20 -15 -20 -15 -20 -15 -20 -16 -21 -15 -20 -16 -21 -17 -20 -17 -20 -17 -19 -18 -20 -19 -19 -19 -18 -21 -17 -23 0 0 0 0 0 0 0 0 0 0 0 0 0 0 0 0 0 0 0 0 0 0 -9 -10 -9 -11 -9 -12 -9 -13 -9 -13 -9 -14 -9 -15 -9 -17 -8 -17 -8 -17 -8 -18 -8 -19 -8 -19 -8 -19 -8 -20 -8 -20 -8 -21 -9 -20 -9 -21 -10 -20 -11 -21 -11 -21 -11 -21 -13 -21 -13 -21 -13 -21 ]

CSI_DATA,AP,46:C6:EE:AC:4F:DC,-44,11,1,7,0,0,1,1,0,0,1,-96,1,6,0,36581718,0,129,0,0,36.7822,256,[-127 -112 7 0 -24 9 -23 9 -23 10 -22 10 -22 11 -21 11 -21 12 -21 12 -21 13 -20 14 -20 14 -19 14 -19 14 -20 15 -20 15 -20 15 -20 14 -21 15 -22 14 -22 14 -22 13 -24 13 -23 12 -25 11 -26 9 0 0 0 0 0 0 0 0 0 0 0 0 0 0 0 0 0 0 0 0 0 0 -11 7 -12 6 -13 6 -14 6 -15 6 -15 5 -16 5 -17 5 -18 5 -19 4 -19 4 -20 3 -20 3 -21 3 -21 3 -21 3 -21 3 -21 3 -22 4 -22 4 -23 5 -23 6 -23 6 -23 7 -24 7 -23 8 ]

CSI_DATA,AP,46:C6:EE:AC:4F:DC,-43,11,1,7,0,0,1,1,0,0,1,-96,1,6,0,37648688,0,122,0,0,37.8408,256,[122 32 7 0 17 -19 17 -19 16 -19 16 -19 15 -19 13 -20 13 -20 11 -20 11 -21 10 -21 9 -22 9 -21 8 -21 9 -22 9 -23 9 -22 9 -22 9 -23 10 -22 10 -21 10 -21 11 -21 11 -20 13 -20 14 -19 0 0 0 0 0 0 0 0 0 0 0 0 0 0 0 0 0 0 0 0 0 0 7 -18 9 -18 11 -17 13 -17 14 -16 15 -16 16 -16 17 -16 18 -15 19 -14 19 -14 20 -14 21 -13 21 -13 21 -13 21 -13 21 -13 20 -14 20 -14 20 -14 20 -15 20 -16 20 -16 20 -17 20 -18 19 -18 ]

CSI_DATA,AP,46:C6:EE:AC:4F:DC,-42,11,1,7,0,0,1,1,0,0,1,-96,1,6,0,37726507,0,122,0,0,37.9186,256,[122 32 7 0 -9 -23 -9 -23 -9 -22 -10 -21 -11 -20 -12 -19 -12 -18 -13 -18 -13 -17 -14 -17 -14 -17 -14 -16 -15 -16 -15 -16 -15 -16 -15 -16 -14 -16 -14 -16 -14 -16 -14 -16 -13 -17 -12 -17 -12 -17 -11 -18 -10 -18 0 0 0 0 0 0 0 0 0 0 0 0 0 0 0 0 0 0 0 0 0 0 -12 -18 -11 -19 -9 -20 -8 -21 -7 -22 -7 -22 -7 -24 -6 -24 -4 -24 -4 -25 -3 -25 -2 -26 -2 -25 -1 -25 -2 -26 -2 -25 -2 -25 -2 -25 -3 -24 -4 -24 -5 -25 -5 -25 -5 -25 -6 -24 -7 -24 -7 -24 ]

CSI_DATA,AP,46:C6:EE:AC:4F:DC,-49,11,1,7,0,0,1,1,0,0,1,-96,1,6,0,38131835,0,114,0,0,38.3239,256,[114 -96 6 0 -18 6 -17 6 -17 7 -16 7 -16 8 -15 8 -15 9 -15 10 -15 11 -14 12 -14 12 -14 12 -14 13 -14 14 -14 14 -14 15 -14 15 -15 16 -15 16 -15 16 -15 16 -16 17 -16 16 -18 16 -18 16 0 0 0 0 0 0 0 0 0 0 0 0 0 0 0 0 0 0 0 0 0 0 -21 10 -21 8 -22 7 -22 6 -22 5 -22 4 -22 4 -22 3 -21 3 -22 2 -22 1 -21 1 -20 1 -20 1 -20 1 -19 1 -19 1 -19 2 -18 2 -18 3 -19 3 -18 4 -19 4 -19 4 -19 5 -18 5 ]
     
CSI_DATA,AP,F8:5E:42:93:BD:FC,-89,11,0,0,0,0,0,0,0,0,0,-96,0,6,0,38493732,0,68,0,0,38.6858,128,[68 64 4 0 8 21 0 15 10 20 10 14 7 21 12 20 3 14 2 13 4 8 9 14 -1 2 5 -1 0 -3 4 -4 -2 -16 3 -15 0 -11 -2 -12 0 -17 -5 -21 1 -24 -3 -20 2 -4 5 -14 2 -15 0 0 0 0 0 0 0 0 0 0 0 0 0 0 0 0 0 0 0 0 0 0 5 0 1 4 8 2 3 2 1 3 -2 5 2 -1 -1 0 8 -1 -2 -1 -1 -4 -4 -3 -8 -5 -6 -4 -6 -10 -6 -8 -12 -12 -5 -7 -4 -5 -4 -6 -8 -12 -8 -4 0 0 3 -3 -3 -2 -3 -1 ]

CSI_DATA,AP,80:D0:4A:4D:87:CD,-87,11,0,0,0,0,0,0,0,0,0,-96,0,6,0,38715528,0,68,0,0,38.9076,128,[68 64 4 0 5 2 12 4 10 13 10 14 12 16 10 5 3 10 3 9 -6 11 -8 11 -8 2 -8 20 -13 23 -11 15 -6 20 -7 21 -7 20 -6 21 0 6 -1 17 8 13 8 4 5 -3 9 -2 4 -1 0 0 0 0 0 0 0 0 0 0 0 0 0 0 0 0 0 0 0 0 0 0 7 -8 -1 -6 1 -10 2 -11 -5 -9 -7 -7 -5 -9 -7 -15 1 -10 -4 -11 1 -7 -1 -4 4 -7 5 -4 5 2 8 -3 5 1 7 -3 9 -1 18 0 7 2 16 3 13 6 7 4 5 7 9 12 ]

CSI_DATA,AP,F8:5E:42:93:BD:FC,-90,11,0,0,0,0,0,0,0,0,0,-96,0,6,0,38778806,0,80,0,0,38.9709,128,[80 0 5 0 -26 -17 -7 -11 -18 -6 -6 -14 -13 -12 -17 -22 -17 -3 -5 -15 -16 -12 -10 -8 1 -11 -17 4 -6 1 -4 5 -1 14 1 8 5 11 5 22 7 23 0 23 -5 20 -4 21 -6 14 -6 13 0 18 0 0 0 0 0 0 0 0 0 0 0 0 0 0 0 0 0 0 0 0 0 0 -2 5 -7 1 -5 3 -6 -2 -3 3 -3 -2 -16 3 -10 2 -8 7 -1 -4 -5 0 8 -4 6 3 5 -3 10 0 19 -2 15 -16 16 -3 17 2 9 -6 14 -3 11 5 -2 1 -2 -7 -2 -12 1 -12 ]