CSI_DATA,AP,46:C6:EE:AC:4F:DC,-31,11,1,4,0,0,1,1,0,0,0,-96,1,6,0,5759069,0,126,0,0,5.93235,256,[126 96 7 0 6 -24 6 -24 5 -25 4 -24 3 -24 2 -24 2 -24 1 -24 0 -25 0 -25 -1 -25 -1 -24 -1 -24 0 -25 0 -25 0 -24 1 -24 1 -24 2 -24 2 -23 2 -22 3 -22 4 -21 5 -21 6 -21 0 0 0 0 0 0 0 0 0 0 0 0 0 0 0 0 0 0 0 0 0 0 4 -21 6 -21 7 -20 9 -20 10 -20 10 -20 11 -21 12 -21 13 -20 14 -20 14 -20 15 -20 15 -19 15 -19 15 -19 14 -20 13 -19 13 -19 12 -19 12 -20 11 -22 11 -22 10 -23 10 -23 9 -23 8 -24 ]   

CSI_DATA,AP,46:C6:EE:AC:4F:DC,-31,11,1,4,0,0,1,1,0,0,0,-96,1,6,0,5760118,0,126,0,0,5.94084,256,[126 96 7 0 6 24 7 23 7 24 8 23 9 23 9 22 10 22 10 21 11 22 11 21 12 21 12 20 12 20 12 21 12 20 11 21 10 21 10 21 9 21 8 21 8 20 7 21 6 21 4 21 3 20 0 0 0 0 0 0 0 0 0 0 0 0 0 0 0 0 0 0 0 0 0 0 6 20 5 20 3 21 2 21 2 22 1 22 0 24 -1 24 -1 24 -3 24 -3 25 -4 24 -4 24 -4 24 -4 23 -3 24 -3 24 -2 24 -1 23 0 24 0 24 2 24 2 25 2 25 3 25 4 25 ]

CSI_DATA,AP,46:C6:EE:AC:4F:DC,-31,11,1,4,0,0,1,1,0,0,0,-96,1,6,0,5765397,0,130,0,0,5.94778,256,[-126 -96 7 0 6 21 7 21 7 21 8 20 9 20 9 19 10 19 10 18 11 18 11 18 11 18 11 17 11 17 12 18 11 18 11 18 10 18 10 18 10 18 8 18 8 17 8 18 7 18 6 18 4 18 0 0 0 0 0 0 0 0 0 0 0 0 0 0 0 0 0 0 0 0 0 0 6 17 5 18 3 19 2 19 2 19 1 20 1 21 0 22 -1 21 -2 22 -2 22 -3 22 -3 21 -3 21 -3 21 -2 22 -2 21 -1 21 0 21 0 21 1 22 2 22 2 22 3 22 4 22 4 22 ]

CSI_DATA,AP,46:C6:EE:AC:4F:DC,-31,11,1,4,0,0,1,1,0,0,0,-96,1,6,0,5875660,0,114,0,0,6.048,256,[114 -96 6 0 24 3 24 2 24 2 24 1 24 0 23 -1 23 -1 23 -2 23 -3 24 -3 23 -4 23 -4 23 -4 23 -4 23 -3 23 -3 23 -2 23 -2 23 -1 22 -1 21 0 21 0 21 1 21 3 20 4 0 0 0 0 0 0 0 0 0 0 0 0 0 0 0 0 0 0 0 0 0 0 20 2 20 3 20 4 20 5 20 6 21 7 21 8 21 10 21 10 21 11 21 12 20 12 20 11 20 12 20 12 20 12 20 11 20 10 20 9 21 9 22 8 22 7 22 7 23 6 24 6 24 5 ]

CSI_DATA,AP,46:C6:EE:AC:4F:DC,-31,11,1,4,0,0,1,1,0,0,0,-96,1,6,0,5912581,0,129,0,0,6.08488,256,[-127 -112 7 0 23 4 23 3 23 3 23 2 23 2 22 0 22 0 22 -1 22 -1 22 -2 23 -2 22 -2 22 -2 22 -2 22 -2 22 -1 22 -1 22 0 22 0 21 0 20 1 20 2 19 3 20 4 19 5 0 0 0 0 0 0 0 0 0 0 0 0 0 0 0 0 0 0 0 0 0 0 19 2 19 4 19 5 19 6 19 7 19 8 20 9 20 10 19 10 19 11 19 12 19 12 18 12 19 12 19 12 19 11 18 11 19 11 19 10 20 9 20 9 22 8 21 8 22 7 22 7 23 6 ]

CSI_DATA,AP,46:C6:EE:AC:4F:DC,-32,11,1,5,0,0,1,1,0,0,0,-96,1,6,0,5920412,0,114,0,0,6.09254,256,[114 -96 6 0 21 5 21 4 21 4 22 3 22 2 21 1 21 1 21 0 21 0 21 -1 21 -1 20 -1 21 -1 21 -1 21 0 21 0 21 0 21 1 20 1 19 2 19 3 19 3 18 4 18 5 17 6 0 0 0 0 0 0 0 0 0 0 0 0 0 0 0 0 0 0 0 0 0 0 17 3 18 4 17 5 18 6 17 7 18 8 18 9 19 10 18 10 18 11 18 12 17 12 17 12 17 12 17 12 17 11 17 11 17 11 18 10 18 9 19 9 19 8 20 9 20 8 21 7 20 6 ]

CSI_DATA,AP,46:C6:EE:AC:4F:DC,-34,11,1,5,0,0,1,1,0,0,0,-96,1,6,0,5930227,0,114,0,0,6.10244,256,[114 -96 6 0 -18 -15 -18 -15 -18 -15 -18 -14 -19 -13 -19 -12 -19 -12 -19 -11 -20 -11 -20 -11 -20 -11 -20 -10 -20 -10 -20 -10 -19 -10 -19 -11 -18 -11 -19 -11 -18 -11 -17 -12 -17 -12 -16 -13 -16 -13 -15 -14 -13 -14 0 0 0 0 0 0 0 0 0 0 0 0 0 0 0 0 0 0 0 0 0 0 -15 -12 -14 -13 -14 -14 -14 -15 -13 -15 -13 -16 -13 -17 -12 -18 -12 -18 -11 -19 -10 -20 -10 -20 -10 -20 -9 -20 -10 -20 -11 -19 -11 -19 -11 -19 -12 -18 -12 -18 -13 -18 -14 -17 -14 -18 -15 -18 -15 -17 -16 -17 ]

CSI_DATA,AP,46:C6:EE:AC:4F:DC,-33,11,1,5,0,0,1,1,0,0,0,-96,1,6,0,5930481,0,129,0,0,6.11125,256,[-127 -112 7 0 22 6 22 6 22 5 22 5 22 4 22 3 22 2 22 1 22 1 22 0 23 0 21 0 22 0 22 0 22 0 22 0 21 1 22 1 22 2 20 2 20 3 20 4 19 4 19 5 18 6 0 0 0 0 0 0 0 0 0 0 0 0 0 0 0 0 0 0 0 0 0 0 18 5 18 7 17 8 18 9 17 9 17 11 18 11 18 12 18 13 17 14 16 14 16 15 16 15 16 15 17 14 16 14 17 14 17 13 17 12 18 12 19 11 20 10 20 11 20 10 21 10 21 9 ]

CSI_DATA,AP,46:C6:EE:AC:4F:DC,-32,11,1,5,0,0,1,1,0,0,0,-96,1,6,0,6024271,0,116,0,0,6.19653,256,[116 -64 6 0 -21 12 -21 13 -20 13 -20 13 -19 14 -18 14 -18 14 -18 15 -18 15 -17 16 -17 16 -16 16 -17 16 -17 16 -17 16 -17 15 -17 14 -18 14 -18 13 -18 13 -17 11 -18 11 -18 10 -19 10 -19 8 0 0 0 0 0 0 0 0 0 0 0 0 0 0 0 0 0 0 0 0 0 0 -16 11 -18 10 -18 9 -20 9 -20 9 -21 7 -22 7 -23 6 -23 5 -23 5 -23 5 -23 4 -23 4 -23 4 -24 3 -23 4 -23 4 -22 5 -23 5 -22 6 -23 7 -23 8 -23 9 -22 9 -22 10 -22 10 ]

CSI_DATA,AP,46:C6:EE:AC:4F:DC,-32,11,1,5,0,0,1,1,0,0,0,-96,1,6,0,6071958,0,114,0,0,6.24452,256,[114 -96 6 0 12 17 13 17 13 17 14 16 14 16 15 14 15 14 15 14 16 14 16 14 16 13 16 13 16 13 16 13 16 13 16 13 15 13 15 14 14 13 14 13 13 13 12 14 12 14 11 15 10 15 0 0 0 0 0 0 0 0 0 0 0 0 0 0 0 0 0 0 0 0 0 0 11 14 10 15 9 16 8 17 8 17 7 18 7 19 7 20 6 20 5 20 5 21 4 21 4 20 4 20 4 20 4 20 5 20 5 20 6 19 7 19 8 19 9 19 9 20 10 19 10 19 11 19 ]

CSI_DATA,AP,46:C6:EE:AC:4F:DC,-32,11,1,5,0,0,1,1,0,0,0,-96,1,6,0,6072081,0,116,0,0,6.25204,256,[116 -64 6 0 -17 16 -17 17 -15 17 -15 18 -14 18 -13 18 -13 18 -12 19 -12 19 -11 20 -12 20 -11 19 -11 20 -11 20 -11 20 -11 19 -11 19 -12 19 -12 18 -12 17 -12 16 -13 16 -13 15 -14 15 -15 14 0 0 0 0 0 0 0 0 0 0 0 0 0 0 0 0 0 0 0 0 0 0 -14 14 -15 13 -16 12 -18 12 -17 11 -19 11 -20 11 -21 10 -20 10 -21 9 -21 9 -22 8 -22 8 -22 8 -22 8 -21 9 -21 9 -20 9 -20 10 -20 11 -20 12 -20 13 -19 14 -19 14 -19 14 -18 15 ]

CSI_DATA,AP,46:C6:EE:AC:4F:DC,-32,11,1,6,0,0,1,1,0,0,0,-96,1,6,0,6075533,0,129,0,0,6.25992,256,[-127 -112 7 0 6 -22 6 -22 5 -23 4 -22 4 -23 3 -22 2 -22 2 -22 1 -23 0 -23 0 -23 0 -23 0 -22 1 -23 1 -23 1 -22 1 -22 2 -22 3 -21 3 -21 3 -20 3 -20 4 -20 6 -19 7 -19 0 0 0 0 0 0 0 0 0 0 0 0 0 0 0 0 0 0 0 0 0 0 4 -19 6 -19 7 -19 8 -19 9 -18 10 -19 11 -19 12 -19 12 -19 13 -18 14 -18 14 -18 14 -17 14 -17 14 -18 14 -18 13 -18 13 -18 12 -18 11 -18 11 -20 11 -20 10 -21 10 -21 9 -21 9 -22 ]    

CSI_DATA,AP,46:C6:EE:AC:4F:DC,-32,11,1,6,0,0,1,1,0,0,0,-96,1,6,0,6077907,0,115,0,0,6.26735,256,[115 -80 6 0 20 -11 20 -11 19 -12 19 -12 18 -13 17 -13 17 -14 17 -15 17 -15 16 -16 16 -15 16 -15 16 -15 16 -15 16 -16 16 -14 17 -14 17 -14 17 -13 16 -13 16 -11 17 -11 17 -10 18 -9 18 -8 0 0 0 0 0 0 0 0 0 0 0 0 0 0 0 0 0 0 0 0 0 0 16 -10 17 -9 17 -8 19 -8 19 -7 20 -6 21 -6 21 -6 21 -5 22 -4 22 -3 22 -3 22 -3 21 -2 22 -2 22 -3 21 -3 21 -4 21 -5 21 -5 21 -6 21 -7 21 -7 22 -8 22 -9 21 -10 ]

CSI_DATA,AP,46:C6:EE:AC:4F:DC,-32,11,1,6,0,0,1,1,0,0,0,-96,1,6,0,6109202,0,129,0,0,6.28143,256,[-127 -112 7 0 9 21 9 21 10 20 11 20 12 19 12 18 12 18 13 18 13 17 14 17 14 17 14 16 14 17 14 17 14 17 14 17 13 17 12 17 12 17 11 17 10 17 10 18 10 18 8 17 6 18 0 0 0 0 0 0 0 0 0 0 0 0 0 0 0 0 0 0 0 0 0 0 8 17 7 18 6 18 5 19 4 19 4 20 3 21 2 22 2 22 1 22 1 23 0 22 -1 22 0 21 0 22 1 22 1 22 1 22 2 21 3 21 4 22 4 22 5 22 6 22 7 22 7 22 ]

CSI_DATA,AP,46:C6:EE:AC:4F:DC,-32,11,1,6,0,0,1,1,0,0,0,-96,1,6,0,6109325,0,114,0,0,6.28873,256,[114 -96 6 0 -19 13 -19 14 -18 14 -18 15 -17 16 -16 16 -16 16 -15 17 -15 17 -15 17 -14 18 -14 17 -14 18 -14 18 -14 18 -14 17 -14 17 -15 17 -15 16 -14 15 -14 14 -15 14 -15 13 -16 12 -17 11 0 0 0 0 0 0 0 0 0 0 0 0 0 0 0 0 0 0 0 0 0 0 -15 11 -17 10 -18 9 -19 9 -19 8 -20 8 -21 7 -22 7 -22 6 -22 6 -23 5 -22 5 -23 4 -22 4 -23 4 -22 5 -22 5 -21 6 -22 7 -21 8 -22 8 -21 9 -21 10 -21 11 -21 11 -20 12 ]

CSI_DATA,AP,46:C6:EE:AC:4F:DC,-32,11,1,6,0,0,1,1,0,0,0,-96,1,6,0,6110443,0,115,0,0,6.29628,256,[115 -80 6 0 -20 12 -19 12 -18 13 -18 13 -17 14 -16 13 -16 14 -16 15 -15 15 -15 16 -15 16 -15 16 -15 16 -14 16 -15 16 -15 15 -15 15 -16 14 -16 14 -16 13 -15 12 -16 12 -16 11 -17 10 -17 9 0 0 0 0 0 0 0 0 0 0 0 0 0 0 0 0 0 0 0 0 0 0 -15 10 -17 9 -17 8 -18 8 -18 7 -20 7 -20 6 -21 6 -21 5 -22 4 -22 4 -21 3 -22 3 -21 3 -22 3 -22 3 -21 4 -21 4 -21 5 -21 6 -21 6 -21 7 -21 8 -21 9 -20 9 -20 10 ]

CSI_DATA,AP,46:C6:EE:AC:4F:DC,-32,11,1,6,0,0,1,1,0,0,0,-96,1,6,0,6129047,0,121,0,0,6.30454,256,[121 16 7 0 25 -4 25 -4 24 -5 24 -6 24 -6 23 -7 23 -7 23 -9 23 -9 23 -10 22 -10 22 -11 22 -10 22 -10 22 -10 22 -9 22 -9 23 -8 22 -8 22 -7 21 -6 21 -5 21 -5 22 -4 21 -2 0 0 0 0 0 0 0 0 0 0 0 0 0 0 0 0 0 0 0 0 0 0 20 -4 21 -2 21 -1 22 0 22 1 23 2 23 3 24 4 23 5 24 5 23 5 24 6 23 6 23 6 23 6 23 6 23 5 23 4 23 4 23 3 24 2 25 1 25 1 25 0 26 -1 25 -2 ]

CSI_DATA,AP,46:C6:EE:AC:4F:DC,-31,11,1,7,0,0,1,1,0,0,1,-96,1,6,0,6150804,0,121,0,0,6.323,256,[121 16 7 0 1 -23 0 -24 0 -24 -1 -23 -2 -23 -3 -22 -3 -23 -3 -23 -4 -22 -5 -23 -5 -23 -5 -22 -6 -22 -5 -22 -4 -23 -5 -22 -4 -22 -4 -22 -3 -22 -2 -21 -2 -21 -2 -20 -1 -20 1 -20 2 -20 0 0 0 0 0 0 0 0 0 0 0 0 0 0 0 0 0 0 0 0 0 0 0 -19 1 -20 3 -20 4 -20 4 -20 5 -21 6 -21 7 -21 8 -21 8 -21 8 -21 9 -21 10 -20 9 -20 10 -21 9 -21 8 -21 8 -21 7 -21 7 -21 6 -22 5 -23 4 -23 4 -23 4 -23 3 -23 ]      

CSI_DATA,AP,46:C6:EE:AC:4F:DC,-32,11,1,7,0,0,1,1,0,0,1,-96,1,6,0,6156575,0,119,0,0,6.33078,256,[119 -16 6 0 -18 -17 -18 -16 -18 -16 -19 -15 -19 -14 -19 -14 -19 -13 -20 -12 -20 -12 -21 -11 -21 -11 -21 -11 -21 -11 -21 -11 -20 -11 -21 -11 -20 -12 -19 -12 -19 -13 -18 -13 -17 -13 -17 -13 -16 -14 -16 -15 -14 -15 0 0 0 0 0 0 0 0 0 0 0 0 0 0 0 0 0 0 0 0 0 0 -15 -13 -14 -15 -14 -15 -13 -16 -13 -17 -13 -18 -12 -19 -11 -21 -11 -21 -10 -21 -10 -22 -10 -22 -9 -21 -9 -21 -10 -21 -10 -21 -10 -21 -11 -21 -11 -20 -12 -19 -13 -20 -14 -20 -14 -20 -15 -19 -16 -19 -16 -18 ]

CSI_DATA,AP,46:C6:EE:AC:4F:DC,-31,11,1,7,0,0,1,1,0,0,1,-96,1,6,0,6173326,0,119,0,0,6.34556,256,[119 -16 6 0 8 -21 8 -22 7 -21 7 -22 6 -22 5 -21 4 -21 4 -22 4 -22 3 -22 3 -22 2 -22 2 -22 3 -22 3 -22 3 -21 4 -21 5 -21 5 -21 5 -20 5 -19 6 -19 6 -18 8 -18 9 -17 0 0 0 0 0 0 0 0 0 0 0 0 0 0 0 0 0 0 0 0 0 0 5 -18 6 -18 8 -17 9 -18 9 -17 11 -18 11 -18 12 -18 13 -17 13 -17 14 -17 14 -17 14 -16 14 -16 15 -17 14 -16 14 -17 13 -16 13 -17 12 -17 12 -18 12 -19 11 -19 11 -20 11 -20 10 -21 ]    

CSI_DATA,AP,46:C6:EE:AC:4F:DC,-32,11,1,7,0,0,1,1,0,0,1,-96,1,6,0,6191924,0,122,0,0,6.36412,256,[122 32 7 0 -25 6 -25 7 -24 7 -24 8 -24 9 -23 9 -23 10 -22 11 -22 11 -22 12 -22 12 -21 12 -22 12 -22 12 -22 12 -22 11 -22 11 -22 10 -22 9 -22 9 -21 8 -22 7 -21 6 -22 6 -22 3 0 0 0 0 0 0 0 0 0 0 0 0 0 0 0 0 0 0 0 0 0 0 -20 6 -21 5 -22 3 -23 3 -22 2 -24 1 -24 0 -25 -1 -24 -2 -25 -2 -25 -2 -25 -3 -25 -3 -25 -3 -25 -3 -25 -3 -25 -3 -24 -2 -24 -1 -24 0 -25 0 -26 1 -25 2 -26 3 -26 4 -25 4 ]  

CSI_DATA,AP,46:C6:EE:AC:4F:DC,-32,11,1,7,0,0,1,1,0,0,1,-96,1,6,0,6202623,0,122,0,0,6.37481,256,[122 32 7 0 -23 1 -23 2 -22 3 -23 3 -22 4 -21 5 -22 5 -21 5 -21 6 -21 7 -21 7 -21 7 -21 7 -21 7 -21 7 -21 6 -21 6 -21 5 -21 5 -21 4 -20 3 -20 3 -20 2 -20 1 -20 -1 0 0 0 0 0 0 0 0 0 0 0 0 0 0 0 0 0 0 0 0 0 0 -18 3 -19 1 -19 0 -20 -1 -20 -1 -21 -2 -21 -3 -22 -4 -21 -5 -21 -5 -22 -6 -21 -6 -22 -6 -21 -6 -22 -7 -21 -6 -21 -6 -20 -5 -21 -5 -22 -4 -22 -3 -23 -2 -22 -2 -23 -1 -23 -1 -23 0 ]   

CSI_DATA,AP,46:C6:EE:AC:4F:DC,-30,11,1,7,0,0,1,1,0,0,1,-96,1,6,0,6517049,0,122,0,0,6.68945,256,[122 32 7 0 -13 -23 -14 -22 -14 -22 -14 -21 -15 -20 -16 -19 -16 -19 -17 -18 -17 -19 -17 -18 -18 -18 -18 -17 -18 -17 -18 -18 -17 -17 -18 -18 -16 -17 -17 -18 -16 -18 -15 -18 -14 -18 -14 -19 -12 -18 -12 -19 -10 -19 0 0 0 0 0 0 0 0 0 0 0 0 0 0 0 0 0 0 0 0 0 0 -11 -19 -10 -20 -9 -20 -8 -21 -8 -22 -7 -22 -7 -24 -7 -24 -6 -25 -4 -25 -4 -25 -3 -26 -3 -25 -3 -25 -3 -24 -3 -26 -4 -24 -5 -25 -5 -23 -7 -24 -8 -24 -9 -24 -9 -25 -9 -24 -10 -24 -11 -24 ]

CSI_DATA,AP,46:C6:EE:AC:4F:DC,-31,11,1,7,0,0,1,1,0,0,1,-96,1,6,0,6517173,0,130,0,0,6.69824,256,[-126 -96 7 0 17 -14 17 -14 17 -15 16 -15 16 -15 14 -15 15 -16 14 -17 13 -17 13 -18 13 -18 12 -17 12 -17 12 -18 12 -17 13 -17 13 -16 13 -17 13 -16 14 -15 13 -14 14 -14 14 -13 15 -13 15 -11 0 0 0 0 0 0 0 0 0 0 0 0 0 0 0 0 0 0 0 0 0 0 13 -12 15 -12 16 -11 17 -10 17 -9 18 -9 19 -9 20 -8 20 -7 21 -7 21 -6 21 -6 21 -6 20 -6 21 -6 20 -6 20 -7 20 -7 20 -7 19 -8 20 -9 20 -10 20 -10 19 -11 19 -11 19 -12 ]

CSI_DATA,AP,46:C6:EE:AC:4F:DC,-31,11,1,7,0,0,1,1,0,0,1,-96,1,6,0,6519366,0,110,0,0,6.70587,256,[110 96 6 0 11 21 12 20 12 20 13 19 14 18 14 18 14 17 15 17 15 17 15 16 16 16 15 16 16 16 16 16 15 16 15 16 14 16 15 17 14 17 13 16 12 16 12 17 11 17 9 18 8 18 0 0 0 0 0 0 0 0 0 0 0 0 0 0 0 0 0 0 0 0 0 0 10 16 9 17 8 18 8 19 7 19 6 21 6 22 5 22 5 23 4 23 3 24 2 23 2 23 2 23 2 23 2 23 3 23 4 22 4 21 5 22 6 22 7 22 7 22 8 22 9 22 9 22 ]

CSI_DATA,AP,46:C6:EE:AC:4F:DC,-32,11,1,7,0,0,1,1,0,0,1,-96,1,6,0,6546974,0,122,0,0,6.71915,256,[122 32 7 0 -2 21 -1 21 -1 21 1 21 1 21 2 20 2 20 3 20 4 20 4 20 4 20 4 20 4 20 4 20 4 20 4 19 3 20 2 20 2 19 2 19 1 18 1 19 0 18 -1 18 -2 18 0 0 0 0 0 0 0 0 0 0 0 0 0 0 0 0 0 0 0 0 0 0 0 17 -1 18 -2 17 -4 18 -4 18 -5 19 -6 19 -7 20 -7 19 -8 19 -8 20 -9 19 -9 19 -9 18 -9 19 -9 19 -9 19 -8 19 -7 19 -6 19 -6 20 -5 20 -5 21 -4 21 -4 21 -3 21 ]

CSI_DATA,AP,14:85:7F:81:BF:55,-77,11,0,0,0,0,0,0,0,0,0,-96,0,6,0,6576778,0,222,0,0,6.74924,128,[-34 -32 13 0 2 -24 3 -32 1 -32 5 -32 10 -38 6 -36 8 -38 8 -39 9 -40 10 -38 7 -33 7 -40 4 -33 10 -33 3 -31 1 -25 0 -19 1 -23 -2 -17 -1 -16 1 -12 1 -12 -4 -10 0 -5 -3 -5 0 0 0 0 0 0 0 0 0 0 0 0 0 0 0 0 0 0 0 0 0 0 -11 -3 -11 -1 -11 2 -12 1 -15 1 -18 2 -15 1 -15 -1 -19 1 -16 0 -20 2 -17 2 -16 0 -18 -1 -14 -3 -19 -1 -13 -1 -12 -4 -9 -3 -4 -2 -6 -2 -3 -8 -1 -3 0 -6 0 -9 -6 -14 ]

CSI_DATA,AP,46:C6:EE:AC:4F:DC,-31,11,1,7,0,0,1,1,0,0,1,-96,1,6,0,6762594,0,130,0,0,6.93489,256,[-126 -96 7 0 -1 -26 -1 -25 -1 -26 -3 -25 -3 -25 -4 -24 -5 -24 -5 -24 -6 -25 -7 -25 -7 -24 -7 -24 -7 -23 -7 -24 -7 -24 -7 -24 -5 -23 -5 -24 -4 -24 -4 -23 -4 -22 -3 -23 -2 -22 0 -22 1 -22 0 0 0 0 0 0 0 0 0 0 0 0 0 0 0 0 0 0 0 0 0 0 -2 -20 -1 -21 0 -21 2 -21 2 -22 3 -22 5 -23 5 -24 6 -23 7 -23 8 -24 8 -24 8 -23 9 -23 8 -23 8 -24 7 -23 7 -24 6 -23 6 -24 5 -24 4 -25 4 -26 3 -25 2 -26 2 -26 ]
CSI_DATA,AP,46:C6:EE:AC:4F:DC,-31,11,1,7,0,0,1,1,0,0,1,-96,1,6,0,6772573,0,130,0,0,6.94479,256,[-126 -96 7 0 1 23 1 22 2 23 3 22 3 21 4 21 5 21 5 21 6 21 6 21 6 21 7 20 6 20 6 21 6 20 6 21 5 20 4 21 4 20 3 20 3 19 2 20 1 19 0 19 -1 19 0 0 0 0 0 0 0 0 0 0 0 0 0 0 0 0 0 0 0 0 0 0 3 17 1 18 0 18 -1 19 -2 19 -2 20 -3 20 -4 21 -4 21 -5 21 -6 21 -6 21 -6 21 -7 20 -7 21 -6 21 -6 20 -6 21 -5 20 -5 21 -4 22 -3 22 -3 23 -2 23 -1 23 -1 23 ]

CSI_DATA,AP,46:C6:EE:AC:4F:DC,-31,11,1,7,0,0,1,1,0,0,1,-96,1,6,0,6883145,0,114,0,0,7.05551,256,[114 -96 6 0 8 -23 8 -24 7 -23 6 -24 5 -23 4 -23 4 -23 3 -24 2 -24 2 -24 1 -24 1 -23 0 -23 1 -24 2 -24 2 -23 3 -23 3 -23 4 -23 4 -22 4 -21 4 -21 5 -20 6 -20 8 -19 0 0 0 0 0 0 0 0 0 0 0 0 0 0 0 0 0 0 0 0 0 0 6 -19 7 -19 8 -19 9 -19 10 -18 11 -19 12 -19 13 -19 14 -18 15 -18 15 -18 15 -18 16 -17 16 -17 16 -18 15 -18 15 -18 14 -18 14 -19 13 -19 13 -20 13 -21 11 -21 11 -21 11 -22 10 -23 ]   

CSI_DATA,AP,46:C6:EE:AC:4F:DC,-32,11,1,7,0,0,1,1,0,0,1,-96,1,6,0,6883437,0,219,0,0,7.0636,256,[-37 48 13 0 24 1 24 0 24 0 24 -1 23 -1 23 -2 23 -2 23 -4 23 -4 23 -5 22 -5 22 -5 22 -5 23 -5 22 -5 22 -4 22 -4 22 -3 22 -2 21 -1 21 -1 21 0 20 1 20 2 20 3 0 0 0 0 0 0 0 0 0 0 0 0 0 0 0 0 0 0 0 0 0 0 19 -1 19 0 20 1 20 2 20 3 21 4 21 5 21 7 21 7 22 8 22 9 21 9 21 9 21 9 21 9 21 9 21 8 21 8 21 7 22 7 22 6 23 5 23 5 24 4 24 4 24 3 ]

CSI_DATA,AP,46:C6:EE:AC:4F:DC,-31,11,1,7,0,0,1,1,0,0,1,-96,1,6,0,6883728,0,219,0,0,7.07042,256,[-37 48 13 0 8 21 9 21 9 20 10 20 11 19 11 18 12 18 12 18 12 17 13 17 13 17 13 17 14 17 13 17 13 17 12 17 12 17 12 18 11 17 10 17 10 17 9 17 8 17 7 18 6 18 0 0 0 0 0 0 0 0 0 0 0 0 0 0 0 0 0 0 0 0 0 0 8 16 7 17 5 17 5 18 5 18 4 20 3 21 3 21 2 21 1 21 1 22 0 22 0 22 0 21 0 22 0 22 0 22 1 21 2 21 2 21 3 22 4 22 5 22 6 22 6 22 7 21 ]

CSI_DATA,AP,46:C6:EE:AC:4F:DC,-32,11,1,7,0,0,1,1,0,0,1,-96,1,6,0,6883947,0,219,0,0,7.07726,256,[-37 48 13 0 9 -22 8 -21 8 -23 7 -22 7 -22 5 -22 5 -22 4 -22 4 -22 3 -23 2 -23 2 -22 2 -22 2 -23 3 -22 3 -22 3 -22 4 -22 5 -21 5 -20 5 -20 6 -20 6 -19 7 -19 8 -18 0 0 0 0 0 0 0 0 0 0 0 0 0 0 0 0 0 0 0 0 0 0 6 -18 8 -17 9 -17 10 -17 11 -17 12 -17 13 -17 14 -17 14 -17 15 -17 15 -17 16 -16 16 -16 16 -15 16 -15 16 -16 15 -16 15 -17 14 -16 14 -17 14 -18 13 -19 13 -20 12 -20 11 -20 11 -20 ]  

CSI_DATA,AP,46:C6:EE:AC:4F:DC,-31,11,1,7,0,0,1,1,0,0,1,-96,1,6,0,7016765,0,124,0,0,7.189,256,[124 64 7 0 -2 24 -2 25 0 24 0 25 1 24 1 24 2 23 3 24 4 23 5 24 5 24 5 23 5 23 5 23 5 24 5 23 4 23 3 24 2 23 1 22 1 22 1 21 0 21 -1 22 -3 21 0 0 0 0 0 0 0 0 0 0 0 0 0 0 0 0 0 0 0 0 0 0 -1 19 -3 20 -4 20 -5 21 -6 20 -7 22 -8 22 -9 22 -10 22 -10 21 -11 22 -11 22 -12 21 -11 21 -12 22 -11 21 -11 22 -9 21 -9 22 -9 22 -8 23 -7 23 -6 24 -5 24 -5 25 -4 25 ]

CSI_DATA,AP,46:C6:EE:AC:4F:DC,-31,11,1,7,0,0,1,0,0,0,1,-96,0,6,0,7020722,0,94,0,0,7.19663,256,[94 96 5 0 -24 2 -24 2 -23 3 -23 3 -22 4 -22 5 -22 5 -21 6 -22 7 -21 8 -22 8 -21 8 -21 8 -21 7 -21 8 -21 7 -21 6 -21 6 -21 5 -21 5 -20 3 -21 4 -20 3 -20 2 -20 0 0 0 0 0 0 0 0 0 0 0 0 0 0 0 0 0 0 0 0 0 0 0 -19 2 -19 0 -19 -1 -20 -1 -20 -2 -21 -3 -21 -4 -22 -5 -22 -5 -22 -6 -22 -6 -22 -7 -22 -7 -21 -7 -22 -7 -22 -7 -21 -7 -22 -6 -22 -5 -21 -4 -23 -4 -23 -3 -23 -2 -24 -2 -24 -1 -24 0 ]     

CSI_DATA,AP,46:C6:EE:AC:4F:DC,-31,11,1,7,0,0,1,1,0,0,1,-96,1,6,0,7208977,0,129,0,0,7.3814,256,[-127 -112 7 0 10 21 11 20 11 20 12 20 12 19 13 18 13 18 14 17 14 17 15 17 15 17 14 16 15 16 15 17 14 17 14 17 14 17 14 17 12 18 12 17 11 17 10 18 10 18 9 18 7 18 0 0 0 0 0 0 0 0 0 0 0 0 0 0 0 0 0 0 0 0 0 0 9 16 8 17 7 17 6 18 6 19 5 20 5 21 4 21 3 22 2 22 2 22 2 22 1 22 1 21 1 22 2 23 2 22 3 22 3 21 4 22 5 22 6 22 6 22 7 22 8 22 8 22 ]

CSI_DATA,AP,46:C6:EE:AC:4F:DC,-32,11,1,7,0,0,1,1,0,0,1,-96,1,6,0,7210390,0,114,0,0,7.38898,256,[114 -96 6 0 -12 20 -11 21 -11 21 -10 21 -9 21 -8 21 -7 21 -7 22 -6 22 -6 22 -6 22 -6 21 -5 22 -6 22 -6 22 -6 21 -6 21 -7 21 -7 21 -8 20 -7 19 -9 18 -9 18 -10 17 -12 16 0 0 0 0 0 0 0 0 0 0 0 0 0 0 0 0 0 0 0 0 0 0 -8 16 -9 16 -11 16 -12 16 -13 16 -13 16 -14 16 -15 16 -16 16 -17 15 -17 15 -18 15 -18 14 -18 14 -18 14 -17 15 -17 15 -16 15 -16 15 -15 16 -15 17 -15 18 -15 18 -14 18 -14 19 -13 20 ]

CSI_DATA,AP,46:C6:EE:AC:4F:DC,-32,11,1,7,0,0,1,0,0,0,1,-96,0,6,0,7226879,0,94,0,0,7.39916,256,[94 96 5 0 18 12 19 11 19 11 20 10 20 10 19 9 20 8 20 8 20 7 21 7 21 6 20 6 21 7 20 6 20 7 20 7 20 7 20 8 18 8 18 8 17 9 17 10 16 10 16 11 15 12 0 0 0 0 0 0 0 0 0 0 0 0 0 0 0 0 0 0 0 0 0 0 15 8 15 9 15 10 15 11 14 12 15 13 14 15 14 15 14 16 14 16 13 17 13 17 12 17 12 16 13 17 13 17 13 17 13 16 14 16 15 15 15 15 16 15 16 14 17 14 17 14 17 13 ]

CSI_DATA,AP,46:C6:EE:AC:4F:DC,-32,11,1,7,0,0,1,1,0,0,1,-96,1,6,0,7232117,0,129,0,0,7.40688,256,[-127 -112 7 0 -4 25 -3 25 -2 25 -1 25 -1 25 0 24 1 24 2 24 2 24 3 24 3 24 4 24 3 24 3 24 3 24 3 24 2 23 1 24 0 23 0 23 0 22 -1 22 -2 21 -3 22 -5 21 0 0 0 0 0 0 0 0 0 0 0 0 0 0 0 0 0 0 0 0 0 0 -1 19 -2 20 -4 20 -5 20 -6 20 -6 21 -8 22 -9 22 -9 22 -10 21 -11 21 -11 21 -12 21 -11 21 -12 21 -11 21 -11 22 -10 22 -10 21 -9 22 -9 23 -8 24 -7 24 -6 24 -6 25 -4 25 ]

CSI_DATA,AP,46:C6:EE:AC:4F:DC,-32,11,1,7,0,0,1,1,0,0,1,-96,1,6,0,7232237,0,114,0,0,7.41414,256,[114 -96 6 0 -26 -6 -26 -5 -25 -4 -26 -4 -26 -3 -25 -2 -25 -2 -25 0 -25 0 -25 1 -25 1 -25 1 -25 1 -25 1 -25 1 -25 1 -24 0 -25 -1 -24 -1 -24 -2 -23 -3 -23 -3 -22 -4 -22 -5 -21 -6 0 0 0 0 0 0 0 0 0 0 0 0 0 0 0 0 0 0 0 0 0 0 -20 -3 -21 -5 -20 -6 -21 -7 -21 -8 -21 -9 -21 -10 -22 -11 -21 -12 -22 -12 -22 -13 -21 -14 -21 -14 -21 -13 -21 -14 -21 -14 -21 -13 -21 -12 -22 -12 -22 -11 -23 -11 -24 -10 -23 -9 -25 -8 -25 -8 -26 -7 ]

CSI_DATA,AP,46:C6:EE:AC:4F:DC,-32,11,1,7,0,0,1,1,0,0,1,-96,1,6,0,7271060,0,119,0,0,7.44322,256,[119 -16 6 0 -22 8 -22 9 -21 9 -21 10 -20 10 -19 11 -19 11 -19 12 -18 13 -18 13 -18 13 -18 13 -18 13 -17 13 -18 14 -18 13 -18 12 -18 12 -18 11 -18 11 -18 9 -18 9 -18 8 -19 7 -19 6 0 0 0 0 0 0 0 0 0 0 0 0 0 0 0 0 0 0 0 0 0 0 -17 7 -18 6 -18 5 -20 5 -19 4 -20 3 -21 3 -22 2 -22 1 -22 1 -23 1 -22 0 -22 0 -22 -1 -23 0 -22 0 -22 1 -22 1 -22 1 -22 3 -23 3 -22 4 -22 5 -23 5 -23 6 -22 7 ]       

CSI_DATA,AP,46:C6:EE:AC:4F:DC,-32,11,1,7,0,0,1,1,0,0,1,-96,1,6,0,7288126,0,119,0,0,7.46044,256,[119 -16 6 0 -19 -14 -19 -13 -19 -13 -20 -12 -20 -11 -20 -10 -20 -10 -20 -9 -20 -9 -21 -9 -21 -8 -21 -8 -21 -8 -21 -8 -21 -8 -20 -9 -20 -9 -20 -9 -19 -10 -18 -10 -18 -10 -17 -11 -16 -12 -16 -12 -15 -13 0 0 0 0 0 0 0 0 0 0 0 0 0 0 0 0 0 0 0 0 0 0 -15 -10 -15 -11 -14 -12 -14 -13 -14 -14 -14 -15 -14 -16 -14 -17 -13 -17 -13 -18 -13 -19 -12 -19 -12 -19 -12 -18 -12 -19 -12 -19 -12 -18 -13 -18 -14 -17 -14 -17 -15 -17 -16 -16 -16 -16 -17 -16 -17 -15 -17 -15 ]

CSI_DATA,AP,46:C6:EE:AC:4F:DC,-31,11,1,7,0,0,1,1,0,0,1,-96,1,6,0,8023768,0,129,0,0,8.19615,256,[-127 -112 7 0 -4 25 -3 25 -2 25 -1 24 -1 24 0 23 1 24 1 24 2 24 3 24 3 24 3 23 3 23 3 24 3 24 3 23 2 23 1 24 0 23 0 22 -1 22 -1 22 -2 21 -4 21 -5 21 0 0 0 0 0 0 0 0 0 0 0 0 0 0 0 0 0 0 0 0 0 0 -1 19 -3 19 -4 19 -5 20 -6 20 -7 20 -8 21 -9 22 -10 21 -11 21 -11 21 -11 21 -12 20 -12 20 -12 21 -11 21 -11 21 -10 21 -10 21 -9 21 -9 22 -8 23 -7 23 -6 24 -6 24 -5 24 ]

CSI_DATA,AP,46:C6:EE:AC:4F:DC,-32,11,1,7,0,0,1,0,0,0,1,-96,0,6,0,8024728,0,94,0,0,8.20429,256,[94 96 5 0 0 23 1 23 1 23 2 23 3 23 4 22 4 22 5 22 5 22 6 22 6 21 6 21 6 21 6 22 6 21 6 22 5 21 5 22 4 21 3 21 3 20 2 21 2 20 0 20 -2 20 0 0 0 0 0 0 0 0 0 0 0 0 0 0 0 0 0 0 0 0 0 0 1 18 -1 18 -2 18 -3 19 -4 19 -4 19 -5 21 -6 21 -6 20 -8 20 -8 21 -9 21 -9 20 -9 20 -9 20 -8 21 -8 21 -7 21 -7 20 -6 21 -6 22 -5 22 -4 23 -3 23 -3 24 -2 23 ]

CSI_DATA,AP,46:C6:EE:AC:4F:DC,-32,11,1,7,0,0,1,1,0,0,1,-96,1,6,0,8043603,0,129,0,0,8.21581,256,[-127 -112 7 0 19 15 19 15 20 15 20 14 20 13 20 12 20 12 20 11 21 11 21 10 22 10 21 10 21 10 21 10 21 10 21 11 20 11 20 12 19 12 18 12 17 12 16 13 16 13 15 14 14 15 0 0 0 0 0 0 0 0 0 0 0 0 0 0 0 0 0 0 0 0 0 0 15 11 14 12 14 13 13 14 13 14 13 15 13 17 13 18 12 18 12 18 12 20 12 19 11 19 11 19 11 20 11 20 11 19 12 19 13 18 13 18 14 18 15 18 15 18 17 17 18 17 18 17 ]

CSI_DATA,AP,46:C6:EE:AC:4F:DC,-31,11,1,7,0,0,1,1,0,0,1,-96,1,6,0,8063133,0,114,0,0,8.23533,256,[114 -96 6 0 17 -15 17 -15 17 -16 17 -17 16 -17 15 -17 15 -17 14 -17 14 -18 13 -19 13 -19 12 -18 13 -18 13 -18 13 -18 13 -17 14 -17 14 -17 14 -16 14 -15 14 -15 14 -14 14 -13 16 -13 16 -11 0 0 0 0 0 0 0 0 0 0 0 0 0 0 0 0 0 0 0 0 0 0 13 -11 14 -11 15 -10 16 -10 16 -9 17 -9 18 -9 18 -9 19 -8 19 -7 20 -7 20 -7 20 -7 20 -7 21 -7 20 -7 20 -8 19 -8 19 -9 19 -9 20 -10 20 -11 19 -11 19 -13 19 -13 19 -13 ]

CSI_DATA,AP,46:C6:EE:AC:4F:DC,-30,11,1,7,0,0,1,0,0,0,1,-96,0,6,0,8276811,0,94,0,0,8.44905,256,[94 96 5 0 -22 15 -21 17 -20 17 -20 17 -19 17 -18 17 -18 18 -17 19 -17 19 -16 20 -16 20 -15 19 -16 19 -16 20 -17 20 -16 19 -16 18 -17 18 -17 17 -17 16 -17 15 -17 14 -17 13 -19 13 -19 11 0 0 0 0 0 0 0 0 0 0 0 0 0 0 0 0 0 0 0 0 0 0 -15 12 -17 11 -18 11 -19 10 -19 10 -20 9 -21 9 -22 9 -22 8 -23 8 -24 8 -24 7 -24 7 -24 7 -25 7 -24 7 -24 8 -23 8 -24 9 -23 9 -24 10 -24 11 -23 12 -23 13 -23 13 -23 14 ]

CSI_DATA,AP,46:C6:EE:AC:4F:DC,-31,11,1,7,0,0,1,1,0,0,1,-96,1,6,0,8808809,0,116,0,0,8.98118,256,[116 -64 6 0 -28 -2 -27 -2 -27 -1 -27 0 -27 0 -26 2 -26 2 -26 3 -26 3 -26 4 -26 4 -25 4 -25 4 -26 4 -25 4 -26 4 -25 3 -25 3 -25 2 -24 1 -23 0 -23 -1 -23 -2 -23 -3 -22 -4 0 0 0 0 0 0 0 0 0 0 0 0 0 0 0 0 0 0 0 0 0 0 -20 -1 -20 -3 -21 -3 -21 -4 -21 -5 -22 -6 -23 -7 -23 -8 -23 -8 -24 -9 -23 -10 -23 -11 -23 -11 -23 -11 -23 -10 -24 -10 -23 -10 -24 -10 -24 -8 -25 -8 -26 -8 -26 -7 -27 -7 -27 -6 -27 -5 -27 -4 ]

CSI_DATA,AP,46:C6:EE:AC:4F:DC,-31,11,1,7,0,0,1,1,0,0,1,-96,1,6,0,8821576,0,116,0,0,8.99384,256,[116 -64 6 0 22 9 22 8 22 8 22 7 22 7 22 5 22 5 22 4 22 4 22 4 22 3 21 3 22 3 22 3 21 4 22 4 21 5 21 5 20 6 19 6 18 6 18 7 17 8 17 9 16 10 0 0 0 0 0 0 0 0 0 0 0 0 0 0 0 0 0 0 0 0 0 0 16 4 16 5 16 6 16 7 17 7 17 9 18 10 18 10 17 11 17 12 17 13 17 13 17 14 16 13 17 14 17 13 17 13 17 13 18 12 19 12 19 12 20 11 20 11 21 11 21 11 21 10 ]

CSI_DATA,AP,46:C6:EE:AC:4F:DC,-32,11,1,7,0,0,1,1,0,0,1,-96,1,6,0,8846367,0,121,0,0,9.01857,256,[121 16 7 0 -9 -27 -10 -27 -10 -27 -11 -26 -11 -26 -11 -24 -12 -24 -13 -24 -13 -24 -14 -23 -14 -23 -14 -23 -14 -23 -14 -23 -14 -23 -13 -23 -12 -23 -12 -24 -11 -23 -10 -23 -9 -22 -9 -23 -8 -22 -6 -23 -5 -22 0 0 0 0 0 0 0 0 0 0 0 0 0 0 0 0 0 0 0 0 0 0 -7 -19 -6 -20 -5 -20 -4 -22 -4 -22 -4 -23 -3 -24 -2 -25 -1 -25 0 -25 0 -26 0 -26 1 -26 1 -25 1 -26 0 -26 0 -26 0 -26 -2 -26 -2 -26 -2 -27 -4 -27 -4 -28 -5 -28 -6 -27 -6 -28 ]

CSI_DATA,AP,46:C6:EE:AC:4F:DC,-32,11,1,7,0,0,1,1,0,0,1,-96,1,6,0,8863645,0,121,0,0,9.03592,256,[121 16 7 0 20 16 21 17 20 15 21 15 21 14 21 13 21 13 21 12 22 11 23 11 23 10 23 10 23 11 22 11 22 11 21 11 22 11 21 13 20 13 19 12 18 13 18 13 17 14 16 15 15 15 0 0 0 0 0 0 0 0 0 0 0 0 0 0 0 0 0 0 0 0 0 0 15 11 15 13 14 13 15 14 14 15 15 16 14 18 14 19 13 19 13 19 15 19 13 20 13 20 12 20 13 21 13 21 13 21 13 20 15 20 15 20 16 20 17 20 17 19 18 19 19 18 20 18 ]

CSI_DATA,AP,46:C6:EE:AC:4F:DC,-31,11,1,7,0,0,1,1,0,0,1,-96,1,6,0,9024713,0,124,0,0,9.19713,256,[124 64 7 0 0 -25 -1 -26 -1 -25 -2 -26 -3 -25 -3 -24 -4 -24 -5 -24 -5 -24 -6 -24 -6 -24 -7 -23 -7 -24 -6 -23 -6 -24 -6 -23 -5 -23 -4 -24 -3 -23 -3 -23 -3 -22 -2 -22 -1 -21 0 -22 2 -21 0 0 0 0 0 0 0 0 0 0 0 0 0 0 0 0 0 0 0 0 0 0 -1 -19 0 -20 1 -20 2 -21 3 -20 4 -22 5 -22 6 -23 6 -22 7 -22 7 -23 8 -23 8 -22 8 -22 8 -23 8 -23 7 -23 7 -22 6 -23 6 -23 5 -24 4 -25 4 -25 3 -25 2 -26 2 -26 ]   

CSI_DATA,AP,46:C6:EE:AC:4F:DC,-31,11,1,7,0,0,1,0,0,0,1,-96,0,6,0,9032711,0,94,0,0,9.20522,256,[94 96 5 0 24 2 23 2 24 2 23 1 23 0 22 -1 23 -1 22 -2 23 -3 22 -3 23 -3 22 -3 22 -3 23 -3 22 -3 22 -2 22 -2 22 -1 21 -1 21 0 20 0 20 2 19 2 19 4 19 5 0 0 0 0 0 0 0 0 0 0 0 0 0 0 0 0 0 0 0 0 0 0 17 0 17 2 18 2 18 3 18 4 19 4 20 6 20 6 20 7 21 8 20 9 20 9 19 9 20 10 20 10 20 9 20 9 20 8 20 7 21 7 22 7 22 6 22 6 23 6 23 5 23 4 ]

CSI_DATA,AP,46:C6:EE:AC:4F:DC,-32,11,1,7,0,0,1,1,0,0,1,-96,1,6,0,9065589,0,114,0,0,9.23765,256,[114 -96 6 0 -24 -8 -24 -7 -24 -7 -24 -6 -24 -5 -23 -4 -23 -4 -23 -3 -23 -3 -24 -2 -24 -2 -23 -2 -23 -2 -23 -1 -23 -2 -23 -3 -23 -3 -23 -3 -22 -4 -21 -4 -21 -5 -21 -6 -20 -6 -20 -7 -18 -8 0 0 0 0 0 0 0 0 0 0 0 0 0 0 0 0 0 0 0 0 0 0 -18 -6 -18 -7 -18 -8 -18 -8 -18 -9 -18 -10 -19 -11 -18 -12 -18 -12 -18 -14 -18 -14 -18 -15 -18 -15 -17 -15 -18 -15 -18 -15 -18 -14 -19 -13 -19 -13 -20 -12 -21 -12 -21 -11 -21 -12 -22 -11 -22 -10 -22 -10 ]

CSI_DATA,AP,46:C6:EE:AC:4F:DC,-31,11,1,7,0,0,1,1,0,0,1,-96,1,6,0,9351448,0,114,0,0,9.52373,256,[114 -96 6 0 -24 -8 -23 -8 -23 -7 -23 -6 -23 -5 -22 -5 -22 -4 -23 -3 -23 -3 -23 -3 -24 -2 -23 -2 -23 -2 -23 -2 -23 -3 -23 -3 -22 -3 -23 -4 -22 -4 -21 -5 -20 -5 -20 -6 -20 -7 -20 -8 -18 -9 0 0 0 0 0 0 0 0 0 0 0 0 0 0 0 0 0 0 0 0 0 0 -18 -5 -18 -6 -18 -7 -18 -8 -18 -9 -18 -10 -19 -11 -19 -12 -18 -12 -18 -14 -18 -14 -18 -15 -18 -14 -18 -15 -18 -15 -18 -15 -18 -14 -18 -14 -19 -13 -19 -12 -20 -12 -21 -12 -21 -12 -22 -11 -22 -10 -22 -10 ]

CSI_DATA,AP,46:C6:EE:AC:4F:DC,-32,11,1,7,0,0,1,1,0,0,1,-96,1,6,0,9351566,0,129,0,0,9.53223,256,[-127 -112 7 0 7 -23 6 -23 6 -23 5 -23 5 -23 4 -22 4 -23 2 -23 2 -23 2 -24 1 -23 1 -23 1 -23 1 -23 2 -23 3 -23 3 -23 3 -23 4 -22 4 -21 4 -21 5 -20 6 -20 7 -19 8 -18 0 0 0 0 0 0 0 0 0 0 0 0 0 0 0 0 0 0 0 0 0 0 4 -18 5 -18 6 -18 7 -19 8 -18 9 -19 10 -19 11 -19 11 -19 12 -18 13 -19 13 -18 14 -18 14 -17 14 -18 13 -18 13 -18 12 -18 12 -19 12 -19 11 -20 11 -21 11 -21 10 -22 10 -22 9 -23 ]    

CSI_DATA,AP,46:C6:EE:AC:4F:DC,-33,11,1,7,0,0,1,1,0,0,1,-96,1,6,0,9374938,0,129,0,0,9.54716,256,[-127 -112 7 0 -25 3 -25 4 -24 5 -24 5 -24 5 -23 6 -23 6 -22 8 -22 8 -22 9 -23 9 -22 9 -22 9 -22 9 -22 9 -22 8 -22 7 -23 7 -23 6 -22 5 -21 4 -21 4 -21 3 -21 2 -21 1 0 0 0 0 0 0 0 0 0 0 0 0 0 0 0 0 0 0 0 0 0 0 -19 4 -19 3 -20 2 -20 1 -21 0 -22 -1 -23 -2 -23 -3 -23 -3 -24 -4 -23 -4 -23 -5 -23 -5 -23 -5 -23 -5 -23 -5 -23 -4 -23 -4 -23 -3 -24 -3 -24 -2 -24 -2 -25 -1 -25 1 -25 1 -25 1 ]     

CSI_DATA,AP,46:C6:EE:AC:4F:DC,-33,11,1,7,0,0,1,1,0,0,1,-96,1,6,0,9375520,0,114,0,0,9.55502,256,[114 -96 6 0 13 -17 13 -17 12 -18 11 -18 11 -18 10 -18 9 -19 9 -20 9 -19 8 -19 8 -20 8 -19 8 -19 8 -19 8 -20 9 -19 9 -18 9 -19 9 -18 10 -17 10 -17 10 -16 11 -15 12 -15 13 -13 0 0 0 0 0 0 0 0 0 0 0 0 0 0 0 0 0 0 0 0 0 0 9 -14 10 -14 11 -13 12 -13 13 -13 13 -13 14 -13 15 -13 16 -12 17 -12 17 -11 17 -11 18 -11 17 -11 18 -11 17 -11 17 -11 16 -12 16 -12 16 -12 16 -14 16 -14 15 -15 16 -15 15 -16 15 -17 ]

CSI_DATA,AP,46:C6:EE:AC:4F:DC,-33,11,1,7,0,0,1,0,0,0,1,-96,0,6,0,9396801,0,94,0,0,9.56904,256,[94 96 5 0 -11 21 -11 21 -10 21 -9 21 -9 22 -8 21 -7 21 -7 21 -6 22 -5 22 -5 22 -5 22 -5 22 -5 22 -6 22 -6 21 -6 21 -7 21 -8 21 -8 20 -8 19 -8 19 -9 18 -10 18 -12 16 0 0 0 0 0 0 0 0 0 0 0 0 0 0 0 0 0 0 0 0 0 0 -7 16 -8 16 -10 16 -11 16 -12 16 -13 16 -14 16 -15 16 -15 16 -16 16 -16 15 -17 15 -17 15 -17 15 -17 15 -17 15 -16 15 -16 16 -16 16 -15 16 -15 17 -15 18 -14 19 -14 19 -13 20 -13 20 ]
CSI_DATA,AP,46:C6:EE:AC:4F:DC,-33,11,1,7,0,0,1,1,0,0,1,-96,1,6,0,9403510,0,129,0,0,9.577,256,[-127 -112 7 0 -24 -2 -24 -2 -24 -1 -24 -1 -24 1 -23 1 -23 2 -23 3 -23 3 -23 4 -24 3 -23 4 -23 4 -23 4 -23 3 -23 3 -23 3 -23 2 -22 1 -22 1 -21 0 -21 -1 -21 -1 -21 -3 -20 -4 0 0 0 0 0 0 0 0 0 0 0 0 0 0 0 0 0 0 0 0 0 0 -19 -1 -20 -2 -19 -3 -20 -4 -20 -5 -21 -6 -21 -7 -22 -7 -21 -8 -21 -9 -21 -10 -21 -10 -21 -10 -21 -10 -22 -10 -21 -10 -21 -9 -21 -9 -22 -8 -22 -7 -23 -7 -23 -6 -23 -6 -24 -5 -24 -5 -24 -4 ]

CSI_DATA,AP,46:C6:EE:AC:4F:DC,-33,11,1,7,0,0,1,1,0,0,1,-96,1,6,0,9410682,0,114,0,0,9.58553,256,[114 -96 6 0 10 -22 10 -21 9 -22 9 -22 8 -22 7 -22 6 -22 5 -23 5 -23 5 -23 4 -23 4 -22 4 -23 4 -23 4 -23 5 -23 5 -22 6 -22 6 -22 6 -21 7 -20 7 -20 8 -19 9 -19 10 -17 0 0 0 0 0 0 0 0 0 0 0 0 0 0 0 0 0 0 0 0 0 0 6 -17 8 -17 9 -17 10 -17 11 -17 12 -17 13 -17 14 -17 14 -17 15 -16 16 -16 16 -16 17 -16 16 -15 17 -16 16 -16 16 -16 16 -17 15 -17 15 -17 14 -18 14 -19 13 -19 14 -20 13 -21 12 -21 ]

CSI_DATA,AP,46:C6:EE:AC:4F:DC,-33,11,1,7,0,0,1,1,0,0,1,-96,1,6,0,9426345,0,114,0,0,9.59858,256,[114 -96 6 0 -6 20 -5 20 -5 20 -4 21 -3 20 -3 19 -2 20 -1 20 -1 20 0 20 0 20 0 20 0 20 0 20 0 20 0 20 -1 20 -1 20 -2 19 -2 19 -3 18 -3 18 -4 18 -5 17 -6 17 0 0 0 0 0 0 0 0 0 0 0 0 0 0 0 0 0 0 0 0 0 0 -4 16 -5 16 -6 16 -7 16 -8 16 -8 17 -9 17 -10 17 -10 17 -11 16 -11 17 -12 17 -12 16 -13 16 -13 17 -12 16 -12 17 -11 16 -11 17 -10 17 -10 18 -9 18 -9 19 -8 20 -8 20 -7 20 ]

CSI_DATA,AP,46:C6:EE:AC:4F:DC,-33,11,1,7,0,0,1,1,0,0,1,-96,1,6,0,9426463,0,129,0,0,9.60627,256,[-127 -112 7 0 -23 -9 -23 -8 -23 -8 -22 -7 -23 -6 -23 -5 -22 -4 -23 -3 -23 -3 -23 -3 -23 -3 -23 -2 -22 -2 -23 -2 -22 -2 -23 -3 -22 -3 -22 -3 -21 -4 -21 -4 -21 -4 -20 -6 -19 -6 -19 -7 -18 -8 0 0 0 0 0 0 0 0 0 0 0 0 0 0 0 0 0 0 0 0 0 0 -17 -7 -17 -8 -17 -9 -17 -10 -17 -10 -17 -11 -18 -12 -18 -14 -17 -13 -17 -15 -17 -15 -17 -16 -16 -16 -16 -16 -17 -15 -17 -16 -17 -15 -18 -14 -18 -14 -18 -13 -19 -13 -20 -13 -20 -12 -21 -11 -21 -11 -21 -11 ]

CSI_DATA,AP,46:C6:EE:AC:4F:DC,-31,11,1,7,0,0,1,0,0,0,1,-96,0,6,0,10052264,0,94,0,0,10.2246,256,[94 96 5 0 18 -16 17 -15 18 -17 16 -16 16 -17 14 -17 15 -17 14 -18 14 -19 13 -19 13 -19 13 -18 12 -18 13 -19 13 -18 14 -18 13 -17 14 -17 14 -17 14 -16 13 -15 15 -15 14 -13 16 -13 16 -11 0 0 0 0 0 0 0 0 0 0 0 0 0 0 0 0 0 0 0 0 0 0 13 -13 13 -12 15 -11 15 -11 17 -11 16 
-10 18 -10 19 -10 19 -9 20 -9 20 -8 20 -8 20 -7 20 -7 20 -7 21 -8 19 -8 20 -9 19 -9 19 -10 20 -11 20 -12 20 -13 20 -12 19 -13 19 -14 ]

CSI_DATA,AP,46:C6:EE:AC:4F:DC,-32,11,1,7,0,0,1,0,0,0,1,-96,0,6,0,10053188,0,94,0,0,10.2329,256,[94 96 5 0 13 18 14 18 14 17 15 17 15 16 15 15 16 14 16 14 17 14 17 13 18 13 17 12 17 13 17 13 17 13 17 13 16 14 16 14 15 14 14 14 14 14 13 14 13 15 12 15 10 16 0 0 0 0 0 0 0 0 0 0 0 0 0 0 0 0 0 0 0 0 0 0 11 13 10 14 9 14 9 16 8 16 8 18 8 19 8 19 7 19 7 19 6 20 6 21 6 20 5 20 6 21 6 20 6 21 7 20 7 20 8 20 9 20 10 20 10 20 11 20 12 19 13 19 ]

CSI_DATA,AP,46:C6:EE:AC:4F:DC,-30,11,1,7,0,0,1,1,0,0,1,-96,1,6,0,10566554,0,110,0,0,10.7389,256,[110 96 6 0 26 -2 26 -3 25 -3 26 -4 25 -5 24 -6 24 -6 23 -7 23 -8 23 -8 23 -8 23 -8 23 -8 23 -8 23 -8 23 -7 23 -7 23 -6 23 -6 22 -5 22 -4 21 -3 21 -2 21 -1 21 0 0 0 0 0 0 0 0 0 0 0 0 0 0 0 0 0 0 0 0 0 0 0 19 -3 20 -2 20 -1 21 0 21 1 22 2 22 3 23 3 23 4 23 4 23 5 23 6 23 6 23 6 24 6 23 6 23 5 23 4 24 4 24 3 25 3 25 2 25 1 26 1 26 0 26 -1 ]

CSI_DATA,AP,14:85:7F:81:BF:55,-77,11,0,0,0,0,0,0,0,0,0,-96,0,6,0,10578591,0,222,0,0,10.751,128,[-34 -32 13 0 -2 -29 -5 -35 3 -36 5 -36 6 -40 3 -41 2 -37 2 -38 0 -39 1 -38 0 -37 -3 -37 -3 -34 -4 -32 -3 -31 -6 -29 -2 -24 -3 -20 -4 -14 -4 -17 -3 -9 -2 -10 -2 -8 -4 -4 -4 -3 0 0 0 0 0 0 0 0 0 0 0 0 0 0 0 0 0 0 0 0 0 0 -8 5 -13 3 -14 7 -13 8 -11 7 -15 7 -14 8 -12 5 -18 7 -13 6 -19 9 -19 8 -14 6 -14 4 -13 0 -11 1 -10 -1 -9 -2 -1 -4 2 -4 2 -5 1 -8 0 -9 0 -10 1 -16 1 -17 ]

CSI_DATA,AP,46:C6:EE:AC:4F:DC,-31,11,1,7,0,0,1,1,0,0,1,-96,1,6,0,11079871,0,124,0,0,11.2522,256,[124 64 7 0 -24 8 -23 9 -22 10 -22 10 -22 11 -21 11 -20 12 -20 12 -20 13 -20 13 -20 13 -19 13 -19 14 -19 14 -19 14 -19 13 -19 13 -20 13 -19 12 -19 11 -19 10 -19 10 -19 9 -20 8 -20 6 0 0 0 0 0 0 0 0 0 0 0 0 0 0 0 0 0 0 0 0 0 0 -18 6 -19 6 -20 5 -21 4 -21 3 -22 3 -22 2 -23 1 -23 1 -24 0 -24 -1 -24 -1 -24 -2 -24 -1 -24 -1 -24 -1 -24 -1 -24 0 -24 1 -23 2 -25 3 -24 4 -24 4 -24 5 -24 5 -24 6 ]

CSI_DATA,AP,46:C6:EE:AC:4F:DC,-31,11,1,7,0,0,1,0,0,0,1,-96,0,6,0,11080856,0,94,0,0,11.2603,256,[94 96 5 0 -14 19 -13 19 -12 19 -11 19 -11 20 -10 19 -9 19 -9 20 -8 21 -8 21 -8 21 -7 20 -7 20 -7 21 -8 20 -8 20 -8 20 -9 20 -9 19 -10 18 -9 18 -10 17 -10 16 -11 16 -12 15 0 0 0 0 0 0 0 0 0 0 0 0 0 0 0 0 0 0 0 0 0 0 -9 15 -11 15 -12 14 -13 14 -14 14 -15 14 -15 14 -16 14 -17 13 -18 13 -18 13 -18 13 -19 12 -19 12 -19 12 -18 13 -18 13 -18 13 -17 14 -17 14 -17 15 -17 16 -16 16 -16 17 -15 17 -15 18 ]

CSI_DATA,AP,46:C6:EE:AC:4F:DC,-32,11,1,7,0,0,1,1,0,0,1,-96,1,6,0,11094788,0,114,0,0,11.269,256,[114 -96 6 0 22 -7 22 -8 22 -8 22 -9 22 -9 20 -9 21 -10 20 -11 20 -12 19 -13 19 -13 19 -12 19 -12 19 -13 19 -12 19 -11 20 -11 20 -10 20 -10 19 -9 19 -8 19 -7 19 -7 20 -6 20 -4 0 0 0 0 0 0 0 0 0 0 0 0 0 0 0 0 0 0 0 0 0 0 17 -8 18 -7 19 -6 19 -5 20 -4 21 -3 21 -3 22 -2 22 -1 22 -1 23 0 22 0 23 0 23 1 23 1 22 1 22 0 22 -1 22 -1 23 -1 24 -2 23 -3 23 -4 23 -5 23 -5 23 -5 ]

CSI_DATA,AP,46:C6:EE:AC:4F:DC,-31,11,1,7,0,0,1,0,0,0,1,-96,0,6,0,11316914,0,94,0,0,11.4892,256,[94 96 5 0 -15 19 -14 19 -14 19 -13 19 -12 19 -11 19 -11 20 -10 20 -10 20 -10 20 -9 20 -9 20 -9 21 -9 21 -9 21 -9 20 -10 19 -10 20 -11 19 -11 18 -11 17 -12 17 -12 16 -14 15 -14 14 0 0 0 0 0 0 0 0 0 0 0 0 0 0 0 0 0 0 0 0 0 0 -10 15 -12 15 -13 14 -14 14 -14 14 -15 14 -16 14 -17 14 -17 13 -19 13 -19 12 -19 12 -19 12 -19 11 -20 12 -19 12 -19 12 -18 13 -18 13 -17 14 -18 15 -17 16 -17 16 -17 16 -17 17 -16 18 ]
CSI_DATA,AP,14:85:7F:82:8E:F8,-75,11,0,0,0,0,0,0,0,0,0,-96,0,6,0,11582599,0,222,0,0,11.7552,128,[-34 -32 13 0 -2 -26 -2 -24 -5 -29 -5 -25 -5 -26 -5 -25 -2 -23 -5 -26 -8 -24 -8 -27 -8 -24 -6 -23 -3 -23 -3 -22 -3 -20 -1 -18 -2 -18 -1 -16 1 -14 0 0 0 0 0 0 0 0 0 -17 1 -16 4 -17 3 -15 2 -14 2 -17 2 -17 0 -16 2 -19 3 -21 3 -29 4 -30 5 -28 7 -31 6 -26 6 -29 6 -29 5 -27 6 -29 8 -28 7 -27 5 -26 3 -25 2 -26 -1 -26 -2 -26 ]     

CSI_DATA,AP,46:C6:EE:AC:4F:DC,-32,11,1,6,0,0,1,0,0,0,0,-96,0,6,0,12174039,0,94,0,0,12.3463,256,[94 96 5 0 3 25 3 24 4 24 5 24 5 24 6 23 7 22 7 22 8 22 8 22 9 22 9 22 9 22 8 22 8 22 8 22 7 22 7 22 6 22 6 21 5 21 5 21 4 21 2 21 1 21 0 0 0 0 0 0 0 0 0 0 0 0 0 0 0 0 0 0 0 0 0 0 4 19 3 20 1 20 1 21 0 21 0 22 -2 23 -3 23 -3 23 -4 23 -4 24 -5 24 -5 23 -6 23 -6 24 -6 23 -5 23 -4 23 -3 23 -3 24 -2 24 -2 25 -1 25 0 25 1 25 2 25 ]

CSI_DATA,AP,46:C6:EE:AC:4F:DC,-32,11,1,6,0,0,1,0,0,0,0,-96,0,6,0,12545999,0,94,0,0,12.7182,256,[94 96 5 0 -5 24 -4 24 -3 24 -2 24 -1 24 -1 23 0 23 1 23 2 23 2 23 3 23 3 22 3 23 3 23 2 23 2 23 2 23 1 23 1 22 0 22 -1 21 -1 21 -2 21 -3 21 -5 20 0 0 0 0 0 0 0 0 0 0 0 0 0 0 0 0 0 0 0 0 0 0 -3 18 -4 19 -5 18 -6 19 -7 19 -8 20 -9 20 -10 21 -10 20 -11 20 -11 21 -12 21 -12 20 -12 20 -13 20 -12 20 -12 21 -11 20 -11 20 -10 21 -9 22 -9 22 -8 23 -8 23 -7 24 -6 24 ]

CSI_DATA,AP,14:85:7F:81:BF:55,-76,11,0,0,0,0,0,0,0,0,0,-96,0,6,0,12634595,0,222,0,0,12.8072,128,[-34 -32 13 0 -28 -10 -31 -18 -33 -14 -35 -16 -33 -15 -33 -21 -37 -19 -32 -17 -36 -17 -36 -17 -36 -19 -35 -15 -35 -14 -32 -15 -31 -11 -28 -11 -21 -8 -24 -6 -17 -6 -17 -6 -12 -6 -12 -3 -11 -3 -10 -1 -7 0 0 0 0 0 0 0 0 0 0 0 0 0 0 0 0 0 0 0 0 0 0 0 11 8 7 9 12 8 7 12 7 13 8 9 10 15 10 9 6 8 8 13 12 12 4 13 12 17 5 13 4 12 1 12 -1 8 0 1 0 7 -2 0 -6 3 -7 -2 -5 -5 -10 -1 -14 -4 -15 -5 ]    

CSI_DATA,AP,46:C6:EE:AC:4F:DC,-32,11,1,6,0,0,1,1,0,0,0,-96,1,6,0,13052207,0,219,0,0,13.2246,256,[-37 48 13 0 12 -21 11 -22 12 -22 11 -22 9 -22 9 -22 8 -22 7 -22 7 -23 7 -23 7 -23 6 -22 6 -23 6 -23 7 -23 7 -22 7 -21 8 -22 8 -21 8 -20 8 -20 9 -19 9 -18 11 -18 12 -16 0 0 0 0 0 0 0 0 0 0 0 0 0 0 0 0 0 0 0 0 0 0 8 -17 9 -17 10 -17 11 -17 12 -17 13 -16 14 -17 15 -17 15 -17 16 -16 17 -16 17 -16 18 -15 18 -15 18 -15 17 -16 17 -16 16 -16 16 -17 15 -17 16 -18 15 -19 15 -20 15 -19 14 -20 14 -21 ]

CSI_DATA,AP,46:C6:EE:AC:4F:DC,-32,11,1,6,0,0,1,0,0,0,0,-96,0,6,0,13052776,0,94,0,0,13.2327,256,[94 96 5 0 -13 19 -13 20 -12 20 -11 20 -11 20 -10 19 -9 20 -9 20 -8 20 -8 21 -8 21 -7 20 -8 21 -8 21 -8 21 -8 20 -9 19 -9 19 -10 19 -10 18 -10 17 -10 17 -11 16 -12 16 -13 14 0 0 0 0 0 0 0 0 0 0 0 0 0 0 0 0 0 0 0 0 0 0 -8 16 -9 16 -11 15 -12 15 -12 15 -13 15 -14 15 -15 15 -16 14 -16 15 -16 15 -17 15 -17 14 -17 14 -18 14 -18 14 -17 14 -17 14 -17 15 -16 15 -17 16 -16 17 -16 17 -15 18 -14 19 -14 19 ]

CSI_DATA,AP,46:C6:EE:AC:4F:DC,-32,11,1,6,0,0,1,1,0,0,0,-96,1,6,0,13137071,0,114,0,0,13.3093,256,[114 -96 6 0 -22 -8 -22 -8 -22 -7 -22 -6 -22 -6 -21 -5 -21 -5 -21 -4 -22 -3 -21 -2 -22 -2 -22 -2 -21 -2 -22 -2 -21 -2 -21 -3 -21 -3 -21 -4 -20 -4 -20 -5 -19 -5 -19 -6 -18 -6 -18 -7 -17 -8 0 0 0 0 0 0 0 0 0 0 0 0 0 0 0 0 0 0 0 0 0 0 -17 -5 -17 -6 -17 -7 -17 -8 -17 -8 -17 -9 -18 -10 -18 -12 -18 -12 -18 -12 -18 -13 -17 -13 -17 -13 -17 -13 -18 -14 -18 -14 -18 -13 -18 -13 -18 -12 -18 -12 -20 -12 -20 -11 -20 -11 -21 -10 -21 -10 -21 -9 ]

CSI_DATA,AP,46:C6:EE:AC:4F:DC,-31,11,1,6,0,0,1,1,0,0,0,-96,1,6,0,13617040,0,129,0,0,13.7893,256,[-127 -112 7 0 8 21 8 21 8 21 9 20 9 20 10 18 10 18 11 18 11 18 12 18 12 17 12 17 12 17 12 17 12 18 11 18 11 17 10 18 10 18 9 18 9 18 8 18 7 18 6 18 5 18 0 0 0 0 0 0 0 0 0 0 0 0 0 0 0 0 0 0 0 0 0 0 8 15 7 17 5 17 5 18 4 18 4 19 3 20 3 21 3 21 2 21 1 22 1 22 0 21 0 21 0 22 0 22 0 22 1 22 2 21 2 21 3 22 4 22 4 22 5 22 5 22 6 22 ]

CSI_DATA,AP,46:C6:EE:AC:4F:DC,-32,11,1,6,0,0,1,1,0,0,0,-96,1,6,0,13617170,0,114,0,0,13.7966,256,[114 -96 6 0 -17 17 -16 17 -15 17 -15 18 -14 18 -13 18 -12 18 -12 18 -11 19 -11 20 -11 19 -10 19 -10 19 -10 19 -10 20 -11 19 -11 19 -12 19 -12 18 -12 17 -12 16 -13 16 -13 15 -14 15 -15 13 0 0 0 0 0 0 0 0 0 0 0 0 0 0 0 0 0 0 0 0 0 0 -12 14 -13 13 -14 13 -16 12 -16 12 -17 12 -18 12 -19 12 -19 11 -20 11 -21 10 -21 10 -21 9 -21 9 -21 9 -21 10 -20 10 -20 10 -20 11 -19 12 -20 13 -19 13 -19 14 -19 14 -19 15 -18 15 ]

CSI_DATA,AP,46:C6:EE:AC:4F:DC,-32,11,1,6,0,0,1,1,0,0,0,-96,1,6,0,13637322,0,129,0,0,13.8096,256,[-127 -112 7 0 -1 22 0 22 1 23 1 22 2 22 3 21 4 21 4 21 5 21 5 21 6 21 6 20 6 20 6 21 6 21 5 21 5 21 4 21 4 20 3 20 2 20 2 20 1 19 0 20 -1 19 0 0 0 0 0 0 0 0 0 0 0 0 0 0 0 0 0 0 0 0 0 0 1 18 -1 18 -2 18 -3 19 -3 19 -4 20 -5 20 -6 21 -6 20 -8 21 -8 21 -8 21 -9 20 -9 20 -9 20 -8 21 -8 21 -7 20 -7 20 -6 21 -6 22 -5 22 -4 22 -3 23 -3 23 -2 23 ]

CSI_DATA,AP,46:C6:EE:AC:4F:DC,-32,11,1,6,0,0,1,1,0,0,0,-96,1,6,0,13637452,0,114,0,0,13.817,256,[114 -96 6 0 -22 1 -23 1 -22 2 -22 3 -22 3 -21 4 -21 4 -21 5 -20 6 -21 7 -21 6 -20 7 -20 7 -20 7 -20 7 -20 6 -20 6 -21 6 -20 5 -20 4 -19 3 -19 3 -19 2 -20 1 -19 0 0 0 0 0 0 0 0 0 0 0 0 0 0 0 0 0 0 0 0 0 0 0 -18 1 -19 0 -19 -1 -19 -1 -19 -2 -20 -3 -20 -4 -21 -5 -21 -5 -21 -5 -21 -6 -21 -6 -21 -7 -21 -7 -21 -7 -21 -7 -21 -6 -21 -6 -21 -5 -21 -5 -22 -4 -22 -3 -22 -3 -23 -2 -23 -1 -23 -1 ] 

CSI_DATA,AP,46:C6:EE:AC:4F:DC,-31,11,1,7,0,0,1,1,0,0,0,-96,1,6,0,13668300,0,114,0,0,13.8405,256,[114 -96 6 0 13 -20 13 -20 13 -20 12 -21 12 -21 10 -21 10 -21 9 -21 9 -22 8 -22 8 -22 7 -22 8 -22 8 -22 8 -22 9 -21 9 -21 10 -21 10 -20 10 -19 10 -19 10 -18 11 -17 12 -17 13 -15 0 0 0 0 0 0 0 0 0 0 0 0 0 0 0 0 0 0 0 0 0 0 9 -17 10 -17 11 -16 13 -17 13 -16 14 -16 15 -16 16 -16 16 -15 18 -15 18 -14 18 -14 19 -14 19 -13 19 -14 18 -14 18 -14 17 -15 18 -15 17 -15 18 -17 17 -17 16 -18 17 -18 16 -18 16 -19 ]

CSI_DATA,AP,46:C6:EE:AC:4F:DC,-31,11,1,6,0,0,1,1,0,0,0,-96,1,6,0,13671766,0,129,0,0,13.8486,256,[-127 -112 7 0 -24 1 -24 2 -23 2 -24 2 -23 3 -22 4 -22 4 -22 5 -21 6 -22 6 -22 7 -22 7 -22 6 -21 7 -22 6 -21 6 -21 5 -22 5 -21 5 -21 4 -21 3 -20 2 -20 2 -21 0 -20 -1 0 0 0 0 0 0 0 0 0 0 0 0 0 0 0 0 0 0 0 0 0 0 -18 2 -19 1 -20 0 -20 -1 -20 -2 -21 -2 -22 -3 -22 -4 -22 -5 -22 -5 -22 -6 -22 -7 -22 -7 -22 -7 -23 -7 -22 -7 -22 -7 -22 -6 -22 -5 -22 -4 -23 -4 -24 -3 -23 -3 -24 -3 -24 -2 -24 -1 ]

CSI_DATA,AP,46:C6:EE:AC:4F:DC,-32,11,1,6,0,0,1,1,0,0,0,-96,1,6,0,13688388,0,129,0,0,13.8606,256,[-127 -112 7 0 3 22 4 22 4 22 5 22 6 21 7 20 7 20 8 20 8 20 9 20 9 19 10 19 9 20 9 19 9 20 9 19 8 19 7 20 7 20 6 19 6 19 5 19 4 19 3 19 2 19 0 0 0 0 0 0 0 0 0 0 0 0 0 0 0 0 0 0 0 0 0 0 4 17 3 18 1 18 0 19 0 19 -1 20 -1 21 -2 21 -2 22 -3 21 -4 22 -4 22 -5 21 -5 21 -5 22 -5 21 -4 22 -4 21 -3 21 -2 22 -2 22 -1 23 0 23 0 23 1 23 2 23 ]

CSI_DATA,AP,46:C6:EE:AC:4F:DC,-32,11,1,6,0,0,1,1,0,0,0,-96,1,6,0,13688518,0,114,0,0,13.8678,256,[114 -96 6 0 -20 11 -20 12 -18 12 -18 12 -17 13 -16 13 -16 14 -16 15 -15 15 -15 15 -15 15 -14 15 -15 15 -14 16 -14 16 -15 15 -15 14 -15 14 -15 14 -15 13 -15 12 -16 12 -15 11 -17 10 -17 9 0 0 0 0 0 0 0 0 0 0 0 0 0 0 0 0 0 0 0 0 0 0 -15 9 -16 8 -17 8 -18 7 -18 7 -19 6 -20 6 -21 6 -21 5 -21 4 -22 3 -22 3 -22 3 -22 3 -22 3 -22 4 -21 4 -21 4 -21 5 -21 6 -21 7 -21 7 -21 8 -21 8 -21 9 -20 9 ]
CSI_DATA,AP,46:C6:EE:AC:4F:DC,-31,11,1,6,0,0,1,0,0,0,0,-96,0,6,0,13716968,0,94,0,0,13.8892,256,[94 96 5 0 20 11 19 10 20 10 20 9 20 8 20 7 20 7 20 6 21 6 21 5 21 5 20 5 20 5 21 5 20 5 21 6 20 6 20 6 20 6 19 7 18 7 18 8 17 8 17 9 15 10 0 0 0 0 0 0 0 0 0 0 0 0 0 0 0 0 0 0 0 0 0 0 16 8 15 9 15 10 15 11 15 11 15 12 15 13 15 14 15 15 14 16 14 16 14 17 13 17 13 16 14 17 14 17 14 16 14 16 15 15 15 15 16 15 17 14 17 15 18 14 18 13 19 13 ]

CSI_DATA,AP,46:C6:EE:AC:4F:DC,-31,11,1,7,0,0,1,1,0,0,0,-96,1,6,0,13720044,0,119,0,0,13.8965,256,[119 -16 6 0 15 15 17 16 16 14 17 14 17 13 17 12 17 12 17 12 18 11 18 10 19 10 19 10 19 10 18 10 19 11 18 11 18 11 18 11 17 12 16 12 15 12 15 12 14 13 14 13 12 14 0 0 0 0 0 0 0 0 0 0 0 0 0 0 0 0 0 0 0 0 0 0 13 11 13 13 12 12 12 14 11 14 12 16 11 17 11 18 10 18 10 18 10 19 10 19 9 19 9 19 9 20 9 19 9 20 10 18 11 18 11 18 12 18 12 18 13 18 14 18 14 17 15 17 ]

CSI_DATA,AP,46:C6:EE:AC:4F:DC,-32,11,1,6,0,0,1,1,0,0,0,-96,1,6,0,13738923,0,119,0,0,13.9112,256,[119 -16 6 0 2 -24 1 -23 0 -24 0 -23 -1 -23 -2 -22 -3 -22 -3 -22 -4 -23 -4 -23 -5 -22 -5 -22 -5 -22 -5 -22 -5 -22 -5 -22 -3 -22 -3 -22 -3 -22 -2 -21 -2 -21 -1 -21 -1 -20 0 -20 2 -20 0 0 0 0 0 0 0 0 0 0 0 0 0 0 0 0 0 0 0 0 0 0 1 -19 2 -19 4 -19 5 -19 5 -19 6 -20 7 -20 8 -21 8 -20 9 -21 9 -21 10 -21 10 -20 10 -20 10 -20 10 -21 9 -20 9 -21 8 -20 8 -21 7 -22 7 -22 6 -23 5 -23 4 -23 4 -23 ]
CSI_DATA,AP,46:C6:EE:AC:4F:DC,-31,11,1,6,0,0,1,0,0,0,0,-96,0,6,0,14227167,0,102,0,0,14.3995,256,[102 -32 5 0 22 -10 22 -11 21 -12 21 -12 21 -13 19 -13 19 -13 18 -14 18 -14 18 -15 18 -15 17 -15 17 -15 17 -16 17 -15 18 -14 18 -14 18 -14 18 -13 18 -12 17 -11 18 -11 18 -10 18 -9 18 -7 0 0 0 0 0 0 0 0 0 0 0 0 0 0 0 0 0 0 0 0 0 0 16 -9 17 -8 18 -7 19 -7 19 -6 20 -6 21 -5 22 -4 21 -4 22 -4 22 -3 23 -2 23 -2 23 -2 23 -2 23 -3 23 -3 23 -3 22 -4 23 -5 23 -6 23 -6 23 -7 23 -7 23 -8 23 -8 ] 

CSI_DATA,AP,46:C6:EE:AC:4F:DC,-31,11,1,6,0,0,1,1,0,0,0,-96,1,6,0,14227327,0,124,0,0,14.4075,256,[124 64 7 0 22 -9 21 -9 21 -10 21 -10 20 -11 19 -11 19 -11 19 -13 18 -13 18 -14 18 -13 17 -13 17 -13 18 -14 17 -13 18 -13 18 -12 18 -12 18 -12 17 -10 17 -10 17 -9 17 -8 18 -7 18 -6 0 0 0 0 0 0 0 0 0 0 0 0 0 0 0 0 0 0 0 0 0 0 16 -8 17 -7 17 -6 18 -6 18 -5 19 -4 20 -4 21 -3 21 -3 21 -2 21 -1 22 -1 22 -1 22 -1 22 -1 22 -2 22 -1 22 -2 21 -2 22 -3 23 -4 23 -5 22 -5 22 -6 23 -6 22 -7 ]      

CSI_DATA,AP,46:C6:EE:AC:4F:DC,-31,11,1,6,0,0,1,0,0,0,0,-96,0,6,0,14593788,0,102,0,0,14.766,256,[102 -32 5 0 24 1 24 1 24 0 25 -1 25 -2 23 -3 23 -4 23 -4 23 -4 23 -5 23 -5 23 -5 24 -5 23 -5 23 -5 22 -4 22 -4 22 -3 22 -2 22 -1 21 0 21 0 21 1 20 1 20 3 0 0 0 0 0 0 0 0 0 0 0 0 0 0 0 0 0 0 0 0 0 0 18 -2 19 -1 19 0 20 1 20 2 21 3 21 3 22 4 20 4 21 5 21 6 21 7 21 7 22 8 23 7 22 7 22 6 21 5 22 6 22 5 23 5 24 5 24 3 25 2 25 2 25 0 ]

CSI_DATA,AP,14:85:7F:82:8E:F8,-76,11,0,0,0,0,0,0,0,0,0,-96,0,6,0,14805821,0,222,0,0,14.9784,128,[-34 -32 13 0 6 24 8 24 9 25 6 23 7 20 3 19 7 22 13 20 7 19 6 20 8 19 8 19 5 21 7 17 8 17 4 14 2 13 2 15 0 12 -1 9 -2 7 -5 9 -6 7 -6 6 -7 8 0 0 0 0 0 0 0 0 0 0 0 0 0 0 0 0 0 0 0 0 0 0 2 18 -1 18 1 19 -1 19 -3 14 2 19 -1 16 -1 19 -2 23 -2 23 -3 28 -3 32 -6 30 -6 30 -7 31 -5 31 -1 29 -4 31 -5 25 -1 28 -5 23 -1 24 0 22 4 21 5 24 4 27 ]

CSI_DATA,AP,46:C6:EE:AC:4F:DC,-31,11,1,7,0,0,1,0,0,0,0,-96,0,6,0,15062365,0,94,0,0,15.2347,256,[94 96 5 0 -19 11 -19 11 -18 12 -18 12 -17 13 -16 13 -16 13 -15 14 -15 15 -15 15 -15 15 -14 15 -15 15 -15 15 -15 15 -15 14 -15 14 -16 14 -16 13 -16 13 -15 12 -16 11 -16 11 -17 10 -17 9 0 0 0 0 0 0 0 0 0 0 0 0 0 0 0 0 0 0 0 0 0 0 -15 9 -16 9 -17 7 -18 7 -18 6 -19 6 -20 6 -21 5 -21 4 -22 4 -21 4 -22 3 -22 3 -21 3 -22 3 -21 3 -21 3 -21 4 -20 4 -20 5 -21 6 -20 7 -21 7 -21 8 -20 9 -20 9 ] 
  
CSI_DATA,AP,46:C6:EE:AC:4F:DC,-30,11,1,6,0,0,1,1,0,0,0,-96,1,6,0,15094066,0,114,0,0,15.2662,256,[114 -96 6 0 -26 1 -26 1 -26 2 -25 3 -25 3 -24 4 -24 4 -24 5 -24 6 -24 7 -24 7 -23 7 -23 7 -24 8 -23 7 -24 6 -23 6 -24 5 -24 4 -24 4 -23 3 -23 2 -22 1 -23 0 -22 -2 0 0 0 0 0 0 0 0 0 0 0 0 0 0 0 0 0 0 0 0 0 0 -21 2 -21 0 -22 0 -22 -2 -23 -2 -23 -3 -24 -4 -24 -6 -24 -6 -24 -6 -24 -7 -24 -8 -24 -8 -24 -8 -24 -8 -24 -8 -24 -8 -24 -7 -24 -6 -24 -6 -25 -5 -25 -4 -26 -3 -25 -2 -26 -2 -25 -1 ]
CSI_DATA,AP,46:C6:EE:AC:4F:DC,-29,11,1,6,0,0,1,1,0,0,0,-96,1,6,0,15344297,0,116,0,0,15.5166,256,[116 -64 6 0 -9 23 -9 22 -8 23 -7 23 -6 23 -5 22 -5 22 -4 23 -4 23 -3 23 -4 23 -3 22 -3 23 -2 23 -3 23 -3 23 -4 23 -4 23 -4 22 -5 21 -5 21 -6 21 -7 20 -8 19 -9 19 0 0 0 0 0 0 0 0 0 0 0 0 0 0 0 0 0 0 0 0 0 0 -8 18 -8 18 -10 18 -11 17 -12 18 -12 17 -13 19 -14 18 -15 19 -16 17 -17 18 -17 17 -17 17 -17 16 -17 17 -17 17 -16 17 -15 18 -15 18 -14 18 -14 20 -13 20 -14 21 -13 21 -12 21 -12 22 ]
CSI_DATA,AP,46:C6:EE:AC:4F:DC,-29,11,1,6,0,0,1,1,0,0,0,-96,1,6,0,15360034,0,116,0,0,15.5323,256,[116 -64 6 0 -27 -7 -26 -6 -26 -6 -26 -5 -26 -4 -25 -3 -25 -2 -25 -1 -26 -1 -26 -1 -26 0 -25 0 -25 0 -26 0 -25 0 -25 -1 -24 -1 -25 -2 -24 -2 -24 -2 -23 -3 -23 -4 -22 -5 -22 -6 -21 -7 0 0 0 0 0 0 0 0 0 0 0 0 0 0 0 0 0 0 0 0 0 0 -20 -5 -20 -7 -21 -7 -21 -8 -21 -9 -21 -10 -22 -11 -22 -12 -21 -12 -22 -13 -21 -14 -21 -15 -21 -14 -21 -15 -21 -15 -22 -15 -22 -14 -22 -14 -22 -13 -22 -12 -24 -12 -24 -11 -25 -11 -25 -10 -25 -9 -26 -9 ]

CSI_DATA,AP,46:C6:EE:AC:4F:DC,-29,11,1,6,0,0,1,1,0,0,0,-96,1,6,0,15394969,0,121,0,0,15.5672,256,[121 16 7 0 23 -12 23 -12 23 -13 22 -13 22 -14 21 -14 21 -15 20 -15 19 -16 19 -17 19 -17 18 -16 19 -16 19 -17 19 -16 19 -16 19 -15 20 -15 20 -14 19 -13 19 -12 19 -11 19 -10 20 -9 20 -8 0 0 0 0 0 0 0 0 0 0 0 0 0 0 0 0 0 0 0 0 0 0 17 -11 18 -9 19 -9 20 -8 20 -8 21 -7 22 -6 23 -6 23 -5 24 -5 24 -4 24 -4 24 -3 24 -3 25 -3 24 -3 24 -4 24 -4 24 -5 24 -5 25 -7 25 -7 24 -8 24 -9 24 -9 24 -10 ]
CSI_DATA,AP,46:C6:EE:AC:4F:DC,-29,11,1,7,0,0,1,1,0,0,0,-96,1,6,0,15409495,0,121,0,0,15.5817,256,[121 16 7 0 -15 -22 -15 -22 -15 -22 -16 -21 -16 -20 -17 -19 -17 -19 -17 -18 -17 -18 -18 -18 -19 -18 -18 -17 -19 -17 -18 -17 -18 -18 -17 -18 -16 -17 -17 -18 -16 -18 -15 -18 -14 -18 -13 -19 -12 -19 -11 -19 -10 -19 0 0 0 0 0 0 0 0 0 0 0 0 0 0 0 0 0 0 0 0 0 0 -13 -16 -12 -18 -11 -18 -10 -19 -9 -19 -10 -21 -9 -22 -9 -23 -8 -23 -8 -23 -7 -24 -6 -24 -6 -24 -6 -24 -6 -24 -7 -24 -7 -24 -7 -24 -8 -23 -8 -23 -10 -24 -11 -23 -11 -24 -11 -24 -12 -23 -13 -24 ]

CSI_DATA,AP,46:C6:EE:AC:4F:DC,-29,11,1,7,0,0,1,0,0,0,1,-96,0,6,0,15520650,0,94,0,0,15.6929,256,[94 96 5 0 -26 -3 -26 -2 -25 -2 -26 -1 -26 -1 -25 0 -25 1 -24 1 -24 2 -25 2 -25 3 -24 3 -25 3 -24 2 -25 2 -24 1 -24 1 -24 1 -23 0 -23 -1 -23 -2 -22 -3 -22 -3 -22 -4 -21 -6 0 0 0 0 0 0 0 0 0 0 0 0 0 0 0 0 0 0 0 0 0 0 -20 0 -21 -2 -20 -3 -21 -4 -21 -4 -22 -5 -22 -6 -23 -7 -23 -8 -23 -8 -23 -9 -23 -10 -23 -10 -22 -10 -23 -10 -23 -10 -23 -10 -23 -9 -23 -9 -23 -8 -24 -8 -25 -7 -25 -6 -26 -6 -26 -5 -26 -4 ]

CSI_DATA,AP,14:85:7F:81:BF:55,-78,11,0,0,0,0,0,0,0,0,0,-96,0,6,0,16574957,0,222,0,0,16.7476,128,[-34 -32 13 0 1 -19 1 -26 5 -29 13 -24 13 -31 16 -27 5 -24 7 -33 11 -33 13 -32 10 -23 9 -36 7 -32 5 -29 5 -25 1 -21 6 -27 -4 -16 0 -15 1 -18 -5 -13 0 -7 -3 -7 -7 -3 -4 0 0 0 0 0 0 0 0 0 0 0 0 0 0 0 0 0 0 0 0 0 0 0 -9 -10 -7 -10 -9 -7 -12 -13 -13 -11 -13 -12 -11 -21 -15 -15 -13 -15 -18 -18 -23 -19 -19 -19 -18 -20 -16 -21 -17 -14 -13 -19 -16 -18 -9 -10 -7 -14 -6 -6 -3 -10 -6 -11 -11 -8 -3 -4 -4 -13 0 -13 ]

CSI_DATA,AP,14:85:7F:82:8E:F8,-76,11,0,0,0,0,0,0,0,0,0,-96,0,6,0,18583041,0,222,0,0,18.7556,128,[-34 -32 13 0 26 -1 27 0 27 0 22 0 26 -1 25 4 21 0 27 3 24 3 22 -1 18 0 19 3 20 -1 16 3 16 1 13 3 12 1 8 5 10 6 9 2 8 3 7 2 5 6 6 7 5 4 0 0 0 0 0 0 0 0 0 0 0 0 0 0 0 0 0 0 0 0 0 0 15 2 16 3 13 4 16 1 15 1 13 2 18 5 16 4 18 7 24 4 25 9 26 8 27 11 27 8 29 12 27 10 28 13 22 12 26 7 23 5 25 6 23 7 22 3 25 3 24 1 22 3 ]

CSI_DATA,AP,46:C6:EE:AC:4F:DC,-42,11,1,7,0,0,1,1,0,0,1,-96,1,6,0,18709976,0,110,0,0,18.8822,256,[110 96 6 0 -26 3 -26 4 -25 4 -25 5 -25 6 -24 6 -24 7 -24 8 -23 9 -23 9 -24 10 -23 10 -23 10 -23 10 -23 10 -23 9 -23 8 -24 8 -23 7 -23 6 -23 5 -23 5 -22 4 -23 3 -23 1 0 0 0 0 0 0 0 0 0 0 0 0 0 0 0 0 0 0 0 0 0 0 -20 5 -21 3 -22 2 -22 1 -23 0 -23 -1 -24 -1 -25 -2 -25 -3 -25 -3 -25 -4 -25 -5 -25 -5 -25 -5 -26 -5 -25 -5 -25 -5 -25 -4 -25 -4 -25 -3 -26 -2 -26 -2 -26 -1 -27 0 -27 1 -27 1 ]  

CSI_DATA,AP,46:C6:EE:AC:4F:DC,-30,11,1,7,0,0,1,1,0,0,1,-96,1,6,0,21810642,0,114,0,0,21.983,256,[114 -96 6 0 -23 -13 -23 -13 -23 -12 -23 -11 -24 -10 -23 -9 -24 -8 -24 -8 -25 -7 -25 -7 -26 -6 -25 -6 -25 -6 -25 -6 -25 -7 -25 -7 -24 -7 -24 -8 -23 -8 -23 -9 -22 -10 -22 -10 -21 -11 -21 -12 -19 -13 0 0 0 0 0 0 0 0 0 0 0 0 0 0 0 0 0 0 0 0 0 0 -18 -10 -17 -11 -17 -12 -17 -13 -17 -13 -17 -15 -17 -16 -18 -17 -17 -17 -17 -18 -17 -19 -17 -19 -16 -19 -16 -19 -16 -20 -17 -20 -16 -19 -17 -19 -17 -18 -18 -17 -20 -17 -19 -17 -21 -16 -21 -15 -22 -15 -22 -15 ]

CSI_DATA,AP,46:C6:EE:AC:4F:DC,-31,11,1,7,0,0,1,1,0,0,1,-96,1,6,0,21810767,0,129,0,0,21.9919,256,[-127 -112 7 0 7 -24 6 -24 6 -24 5 -24 4 -24 2 -23 2 -24 1 -24 1 -24 1 -25 0 -24 0 -24 -1 -24 0 -25 0 -25 0 -24 1 -24 1 -24 2 -24 3 -23 3 -22 4 -22 5 -22 6 -21 8 -21 0 0 0 0 0 0 0 0 0 0 0 0 0 0 0 0 0 0 0 0 0 0 5 -18 6 -18 7 -18 8 -19 9 -18 9 -19 11 -19 11 -20 12 -19 13 -19 14 -19 14 -19 14 -18 14 -18 14 -19 14 -19 14 -19 13 -19 13 -19 12 -20 12 -21 11 -21 10 -22 10 -22 10 -22 9 -23 ]  

CSI_DATA,AP,46:C6:EE:AC:4F:DC,-31,11,1,7,0,0,1,1,0,0,1,-96,1,6,0,21832746,0,114,0,0,22.005,256,[114 -96 6 0 15 16 16 17 15 16 17 16 17 15 17 14 17 13 18 12 18 12 18 12 19 12 18 11 19 11 18 12 19 13 18 12 18 13 18 13 17 13 16 13 15 14 15 14 14 15 13 16 11 16 0 0 0 0 0 0 0 0 0 0 0 0 0 0 0 0 0 0 0 0 0 0 12 12 12 14 10 14 10 15 10 15 10 17 10 18 10 18 10 18 8 19 8 20 8 20 8 20 7 20 8 20 7 20 8 20 8 19 9 19 10 19 11 19 11 19 12 19 12 19 13 18 14 18 ]

CSI_DATA,AP,46:C6:EE:AC:4F:DC,-32,11,1,7,0,0,1,1,0,0,1,-96,1,6,0,21832870,0,129,0,0,22.0126,256,[-127 -112 7 0 -20 12 -20 12 -19 13 -19 13 -19 14 -18 14 -17 14 -17 15 -17 15 -16 16 -16 16 -16 16 -16 16 -16 16 -17 16 -17 16 -17 15 -18 15 -18 14 -17 13 -17 12 -18 12 -18 11 -19 10 -19 8 0 0 0 0 0 0 0 0 0 0 0 0 0 0 0 0 0 0 0 0 0 0 -15 10 -16 9 -17 8 -18 8 -18 8 -19 7 -20 7 -21 6 -21 6 -22 5 -22 5 -22 4 -22 4 -22 4 -23 4 -22 4 -22 5 -22 5 -22 5 -22 6 -22 7 -22 8 -22 8 -22 9 -22 10 -21 10 ]

CSI_DATA,AP,46:C6:EE:AC:4F:DC,-32,11,1,7,0,0,1,1,0,0,1,-96,1,6,0,21865678,0,114,0,0,22.0379,256,[114 -96 6 0 15 -17 15 -17 14 -18 14 -18 13 -18 12 -19 12 -19 11 -19 11 -20 10 -20 10 -20 10 -20 10 -20 10 -20 11 -20 11 -20 11 -20 11 -20 12 -19 12 -18 12 -17 12 -17 13 -16 14 -15 15 -14 0 0 0 0 0 0 0 0 0 0 0 0 0 0 0 0 0 0 0 0 0 0 11 -13 12 -13 13 -13 14 -12 14 -12 15 -12 16 -12 17 -12 17 -11 18 -11 19 -10 19 -10 19 -10 19 -9 20 -10 19 -10 19 -10 18 -10 18 -11 18 -12 18 -13 18 -13 17 -14 17 -15 17 -15 17 -15 ]

CSI_DATA,AP,46:C6:EE:AC:4F:DC,-32,11,1,7,0,0,1,1,0,0,1,-96,1,6,0,21865802,0,129,0,0,22.0461,256,[-127 -112 7 0 17 14 18 14 18 13 19 13 19 12 19 11 19 11 19 10 19 9 20 9 20 9 20 8 21 9 20 9 20 10 20 10 19 10 20 10 19 11 18 11 17 12 16 13 16 13 15 14 14 15 0 0 0 0 0 0 0 0 0 0 0 0 0 0 0 0 0 0 0 0 0 0 14 10 14 11 13 11 13 13 13 13 13 14 13 16 13 16 12 17 12 17 12 18 11 18 11 18 11 18 11 19 11 18 12 19 12 18 13 18 13 17 14 17 15 17 14 17 15 16 16 16 17 16 ]

CSI_DATA,AP,46:C6:EE:AC:4F:DC,-31,11,1,7,0,0,1,1,0,0,1,-96,1,6,0,21886585,0,129,0,0,22.0588,256,[-127 -112 7 0 14 -19 13 -19 13 -20 12 -20 12 -20 10 -20 10 -21 9 -21 8 -21 8 -22 8 -22 7 -21 7 -21 8 -22 8 -22 9 -22 9 -21 9 -21 10 -21 10 -20 10 -19 11 -19 11 -18 12 -17 13 -16 0 0 0 0 0 0 0 0 0 0 0 0 0 0 0 0 0 0 0 0 0 0 10 -15 11 -15 12 -14 13 -14 14 -14 14 -14 15 -14 16 -14 16 -13 18 -13 18 -13 18 -13 19 -12 19 -12 19 -12 18 -13 18 -13 17 -13 18 -13 17 -14 17 -15 17 -15 16 -16 16 -17 16 -17 15 -18 ]

CSI_DATA,AP,46:C6:EE:AC:4F:DC,-31,11,1,7,0,0,1,1,0,0,1,-96,1,6,0,21889490,0,114,0,0,22.0669,256,[114 -96 6 0 18 -14 18 -15 17 -15 17 -15 16 -16 15 -16 15 -16 14 -17 14 -18 14 -18 14 -18 13 -18 13 -18 14 -18 14 -18 14 -17 14 -17 15 -17 15 -16 15 -16 15 -15 16 -14 16 -13 17 -12 18 -11 0 0 0 0 0 0 0 0 0 0 0 0 0 0 0 0 0 0 0 0 0 0 13 -11 15 -11 15 -10 16 -10 16 -9 17 -9 18 -9 19 -9 19 -8 20 -7 21 -7 21 -7 21 -6 21 -6 21 -6 21 -7 21 -7 20 -7 20 -8 20 -8 20 -10 21 -10 20 -11 20 -11 20 -11 19 -13 ]

CSI_DATA,AP,46:C6:EE:AC:4F:DC,-32,11,1,7,0,0,1,1,0,0,1,-96,1,6,0,21922335,0,119,0,0,22.0946,256,[119 -16 6 0 -16 17 -15 18 -15 18 -14 18 -13 18 -12 18 -12 18 -12 19 -11 19 -10 20 -10 20 -10 20 -10 20 -10 20 -10 20 -11 20 -11 19 -12 20 -12 18 -13 18 -13 17 -14 16 -13 16 -15 15 -16 13 0 0 0 0 0 0 0 0 0 0 0 0 0 0 0 0 0 0 0 0 0 0 -11 14 -12 13 -14 13 -15 12 -16 12 -16 12 -17 12 -18 12 -18 11 -19 11 -20 11 -20 11 -20 10 -20 10 -20 10 -20 10 -19 10 -19 11 -19 11 -19 12 -19 13 -19 14 -18 14 -18 15 -17 15 -17 16 ]

CSI_DATA,AP,46:C6:EE:AC:4F:DC,-34,11,1,7,0,0,1,1,0,0,1,-96,1,6,0,21937871,0,119,0,0,22.1101,256,[119 -16 6 0 -18 -13 -18 -13 -19 -12 -19 -12 -19 -11 -19 -10 -19 -9 -20 -9 -20 -8 -20 -8 -21 -8 -21 -8 -21 -7 -21 -7 -21 -8 -21 -8 -20 -8 -20 -9 -19 -9 -19 -9 -18 -10 -18 -10 -17 -11 -16 -12 -15 -12 0 0 0 0 0 0 0 0 0 0 0 0 0 0 0 0 0 0 0 0 0 0 -14 -11 -13 -12 -13 -13 -13 -13 -13 -14 -12 -15 -13 -16 -13 -17 -12 -17 -12 -17 -11 -18 -11 -19 -11 -19 -11 -18 -11 -19 -12 -19 -12 -18 -12 -18 -13 -17 -13 -16 -14 -17 -15 -16 -15 -16 -16 -16 -16 -16 -17 -15 ]

CSI_DATA,AP,46:C6:EE:AC:4F:DC,-32,11,1,7,0,0,1,1,0,0,1,-96,1,6,0,23107035,0,114,0,0,23.2794,256,[114 -96 6 0 -1 -24 -2 -24 -2 -24 -3 -24 -3 -23 -5 -23 -5 -23 -6 -22 -6 -23 -7 -23 -8 -23 -8 -22 -7 -22 -8 -23 -7 -23 -7 -23 -6 -22 -6 -23 -5 -23 -4 -22 -4 -22 -3 -22 -2 -22 -1 -22 1 -21 0 0 0 0 0 0 0 0 0 0 0 0 0 0 0 0 0 0 0 0 0 0 -2 -19 0 -19 1 -20 2 -20 2 -20 3 -21 3 -22 4 -22 5 -22 7 -22 7 -22 8 -22 8 -22 8 -22 8 -22 7 -23 7 -22 6 -22 5 -22 5 -22 5 -23 4 -23 4 -24 2 -24 2 -24 1 -24 ]

CSI_DATA,AP,14:85:7F:82:8E:F8,-75,11,0,0,0,0,0,0,0,0,0,-96,0,6,0,23583705,0,222,0,0,23.7563,128,[-34 -32 13 0 -30 9 -25 10 -23 6 -26 10 -25 11 -26 8 -23 11 -22 7 -21 11 -21 6 -21 8 -22 8 -19 7 -17 4 -18 4 -15 4 -13 2 -12 2 -10 2 -13 3 -11 0 -11 1 -9 -2 -12 -3 -9 -5 0 0 0 0 0 0 0 0 0 0 0 0 0 0 0 0 0 0 0 0 0 0 -16 7 -15 6 -19 5 -17 9 -15 6 -17 7 -16 7 -17 6 -20 8 -24 9 -27 7 -29 7 -33 8 -31 7 -32 6 -35 4 -32 6 -27 7 -30 5 -34 8 -29 4 -29 6 -27 5 -27 9 -27 10 -27 10 ]

CSI_DATA,AP,14:85:7F:81:BF:55,-78,11,0,0,0,0,0,0,0,0,0,-96,0,6,0,27802074,0,222,0,0,27.9747,128,[-34 -32 13 0 -30 5 -33 5 -35 3 -36 1 -36 2 -38 4 -38 7 -34 5 -34 8 -32 9 -33 10 -33 10 -30 10 -26 12 -21 14 -21 17 -20 11 -11 9 -9 9 -12 8 -6 7 -4 7 -2 5 1 1 0 2 0 0 0 0 0 0 0 0 0 0 0 0 0 0 0 0 0 0 0 0 0 0 -7 15 -6 14 -6 18 -6 21 -8 20 -8 21 -9 25 -12 23 -15 21 -18 28 -14 29 -16 23 -15 25 -18 20 -14 19 -13 17 -12 9 -14 3 -12 4 -13 4 -7 4 -10 3 -8 3 -11 4 -15 0 -18 4 ]

CSI_DATA,AP,14:85:7F:82:8E:F8,-76,11,0,0,0,0,0,0,0,0,0,-96,0,6,0,29584191,0,222,0,0,29.7568,128,[-34 -32 13 0 14 5 13 13 10 5 15 8 19 8 23 8 21 6 19 7 15 6 14 9 13 8 22 9 17 8 19 1 16 9 13 6 12 6 12 5 10 6 9 6 10 3 9 6 9 7 5 8 4 9 0 0 0 0 0 0 0 0 0 0 0 0 0 0 0 0 0 0 0 0 0 0 9 11 5 13 4 9 6 10 6 10 3 11 7 9 6 13 7 13 8 13 12 18 11 19 12 20 9 23 10 17 7 25 10 18 11 19 9 19 12 18 8 17 9 18 14 17 11 15 15 18 9 12 ]

CSI_DATA,AP,00:D4:9E:56:36:87,-84,11,0,0,0,0,0,0,0,0,0,-96,0,6,0,30495605,0,156,0,0,30.6681,128,[-100 -64 9 0 -27 28 -26 25 -25 30 -26 25 -29 25 -32 20 -17 23 -16 14 -13 21 -17 14 -17 16 -19 8 -12 12 -11 15 -10 14 -9 9 -13 11 -3 9 -3 9 -4 9 -2 10 -5 5 -8 10 0 2 -3 1 0 0 0 0 0 0 0 0 0 0 0 0 0 0 0 0 0 0 0 0 0 0 -8 -22 -8 -24 -9 -21 -3 -27 -3 -22 0 -27 -1 -21 1 -11 1 -15 1 -15 -2 -14 -5 -14 -7 -6 -8 -16 -4 -6 -1 -5 -7 -3 -7 -3 -14 9 -8 9 -14 12 -7 13 -12 14 -15 18 -20 21 -17 19 ]   

CSI_DATA,AP,46:C6:EE:AC:4F:DC,-30,11,1,7,0,0,1,1,0,0,1,-96,1,6,0,33720463,0,116,0,0,33.8928,256,[116 -64 6 0 4 26 5 26 5 26 6 25 7 25 8 24 8 24 8 24 10 24 10 24 10 23 10 23 10 23 10 24 10 23 10 24 9 23 8 24 7 24 6 23 6 23 5 23 4 23 2 23 0 23 0 0 0 0 0 0 0 0 0 0 0 0 0 0 0 0 0 0 0 0 0 0 4 20 3 20 1 20 1 21 0 22 -1 22 -2 23 -2 24 -3 24 -4 24 -5 25 -5 24 -6 24 -6 24 -5 24 -5 25 -5 24 -4 24 -3 24 -3 24 -2 25 -1 26 0 26 1 26 1 26 2 26 ]

CSI_DATA,AP,46:C6:EE:AC:4F:DC,-30,11,1,7,0,0,1,1,0,0,1,-96,1,6,0,33737027,0,116,0,0,33.9092,256,[116 -64 6 0 -17 19 -16 19 -16 20 -15 20 -14 21 -13 20 -13 21 -12 21 -12 22 -11 22 -11 22 -11 22 -11 22 -11 22 -11 22 -11 22 -12 21 -13 21 -13 20 -13 20 -13 19 -14 18 -14 17 -16 17 -16 15 0 0 0 0 0 0 0 0 0 0 0 0 0 0 0 0 0 0 0 0 0 0 -13 15 -15 14 -15 13 -16 13 -17 13 -18 12 -19 13 -20 12 -20 12 -21 11 -21 11 -22 11 -22 10 -22 10 -22 11 -22 11 -21 11 -21 11 -20 12 -20 13 -20 14 -19 15 -19 16 -19 16 -19 17 -18 17 ]

CSI_DATA,AP,46:C6:EE:AC:4F:DC,-32,11,1,7,0,0,1,1,0,0,1,-96,1,6,0,33786819,0,121,0,0,33.9591,256,[121 16 7 0 -20 15 -19 16 -18 16 -18 17 -18 17 -17 17 -16 17 -16 18 -15 18 -15 19 -14 19 -14 19 -14 20 -14 20 -15 19 -15 19 -15 19 -16 18 -16 18 -16 16 -16 15 -16 15 -16 15 -18 14 -19 12 0 0 0 0 0 0 0 0 0 0 0 0 0 0 0 0 0 0 0 0 0 0 -15 11 -17 10 -18 9 -19 9 -19 9 -20 8 -21 8 -22 7 -22 7 -23 7 -23 7 -23 6 -23 6 -23 6 -23 6 -23 6 -23 7 -22 7 -22 7 -22 8 -22 9 -22 10 -21 11 -21 12 -21 13 -21 14 ]

CSI_DATA,AP,14:85:7F:81:BF:55,-76,11,0,0,0,0,0,0,0,0,0,-96,0,6,0,33798591,0,222,0,0,33.971,128,[-34 -32 13 0 -8 30 -12 30 -10 31 -16 29 -14 35 -16 35 -14 33 -13 33 -12 34 -13 32 -11 33 -12 32 -11 31 -6 30 -6 30 -5 26 -4 21 -2 17 -1 14 1 14 4 12 -1 9 4 4 4 4 6 3 0 0 0 0 0 0 0 0 0 0 0 0 0 0 0 0 0 0 0 0 0 0 8 3 8 2 9 1 11 2 12 3 11 5 10 5 11 3 13 7 9 8 13 11 12 11 8 14 5 14 4 12 5 14 1 14 1 12 -6 12 -7 9 -6 12 -5 9 -2 11 -4 14 -8 18 -6 18 ]

CSI_DATA,AP,46:C6:EE:AC:4F:DC,-32,11,1,7,0,0,1,1,0,0,1,-96,1,6,0,33801876,0,121,0,0,33.9784,256,[121 16 7 0 22 7 22 7 22 6 22 5 22 5 22 3 22 3 22 3 22 2 23 1 23 1 22 1 22 1 23 1 23 1 23 2 22 2 23 3 22 3 21 4 20 4 20 5 20 6 19 7 18 8 0 0 0 0 0 0 0 0 0 0 0 0 0 0 0 0 0 0 0 0 0 0 17 5 17 6 16 7 16 8 16 9 17 10 17 11 17 12 17 12 16 13 16 14 16 14 16 14 16 14 16 14 16 14 16 13 17 13 17 12 18 12 19 12 19 11 19 11 20 10 21 10 21 9 ]

CSI_DATA,AP,46:C6:EE:AC:4F:DC,-31,11,1,7,0,0,1,1,0,0,1,-96,1,6,0,36884981,0,110,0,0,37.0574,256,[110 96 6 0 -22 -10 -23 -10 -22 -9 -22 -9 -23 -8 -22 -7 -22 -6 -23 -6 -23 -5 -23 -4 -23 -5 -23 -4 -23 -4 -23 -5 -23 -5 -23 -5 -22 -6 -23 -7 -22 -7 -21 -7 -20 -8 -20 -8 -19 -9 -19 -10 -18 -11 0 0 0 0 0 0 0 0 0 0 0 0 0 0 0 0 0 0 0 0 0 0 -17 -7 -17 -9 -16 -9 -17 -11 -16 -11 -16 -12 -17 -13 -17 -14 -16 -14 -16 -15 -16 -15 -16 -16 -16 -16 -16 -16 -16 -16 -15 -16 -16 -16 -16 -15 -17 -14 -17 -14 -18 -14 -19 -13 -20 -13 -20 -12 -21 -12 -21 -12 ]

CSI_DATA,AP,46:C6:EE:AC:4F:DC,-32,11,1,7,0,0,1,1,0,0,1,-96,1,6,0,38003756,0,114,0,0,38.1762,256,[114 -96 6 0 -4 -23 -4 -22 -4 -22 -5 -22 -6 -21 -6 -21 -6 -21 -7 -21 -8 -21 -8 -21 -9 -20 -8 -20 -9 -20 -8 -21 -8 -20 -8 -20 -7 -20 -6 -21 -5 -21 -5 -20 -4 -20 -4 -20 -3 -20 -2 -20 0 -19 0 0 0 0 0 0 0 0 0 0 0 0 0 0 0 0 0 0 0 0 0 0 -4 -17 -3 -17 -1 -18 -1 -18 0 -18 0 -19 1 -20 2 -20 2 -20 3 -20 3 -21 3 -21 4 -20 4 -20 4 -21 4 -21 3 -21 3 -21 2 -20 2 -20 1 -21 1 -21 0 -22 -1 -22 -2 -22 -2 -23 ]

CSI_DATA,AP,46:C6:EE:AC:4F:DC,-33,11,1,7,0,0,1,1,0,0,1,-96,1,6,0,38007901,0,129,0,0,38.1844,256,[-127 -112 7 0 -14 -21 -15 -20 -15 -21 -16 -20 -16 -19 -16 -18 -16 -18 -17 -17 -18 -18 -18 -17 -19 -17 -18 -17 -18 -17 -19 -17 -18 -17 -18 -17 -17 -18 -17 -18 -16 -18 -15 -18 -14 -18 -14 -19 -13 -19 -11 -20 -10 -20 0 0 0 0 0 0 0 0 0 0 0 0 0 0 0 0 0 0 0 0 0 0 -11 -16 -10 -17 -9 -17 -9 -18 -8 -19 -8 -20 -8 -21 -8 -22 -7 -22 -7 -22 -6 -23 -5 -23 -5 -23 -5 -23 -5 -23 -6 -23 -6 -23 -6 -23 -7 -22 -8 -22 -9 -23 -10 -22 -10 -23 -11 -23 -12 -22 -12 -22 ]

CSI_DATA,AP,46:C6:EE:AC:4F:DC,-33,11,1,7,0,0,1,1,0,0,1,-96,1,6,0,38024883,0,114,0,0,38.1971,256,[114 -96 6 0 4 -25 4 -25 3 -25 3 -25 1 -25 0 -24 0 -24 0 -25 -2 -25 -2 -25 -3 -25 -3 -24 -2 -25 -2 -25 -2 -25 -2 -24 -1 -25 0 -25 1 -24 1 -23 2 -23 2 -23 3 -22 5 -22 6 -22 0 0 0 0 0 0 0 0 0 0 0 0 0 0 0 0 0 0 0 0 0 0 3 -19 4 -19 6 -19 7 -19 7 -19 8 -20 9 -20 9 -21 10 -20 11 -20 11 -20 12 -20 12 -20 12 -20 13 -20 12 -20 11 -21 11 -20 10 -21 10 -21 9 -22 9 -23 8 -23 8 -24 7 -24 6 -25 ]   

CSI_DATA,AP,46:C6:EE:AC:4F:DC,-33,11,1,7,0,0,1,1,0,0,1,-96,1,6,0,38025001,0,129,0,0,38.205,256,[-127 -112 7 0 24 4 24 4 24 3 24 2 24 2 23 1 24 0 23 0 24 -1 24 -2 24 -2 23 -2 23 -2 24 -2 24 -1 24 -1 23 0 24 0 23 1 22 1 22 3 22 3 21 4 21 5 20 6 0 0 0 0 0 0 0 0 0 0 0 0 0 0 0 0 0 0 0 0 0 0 18 2 18 4 18 4 19 5 18 6 19 7 19 8 20 9 20 10 20 10 20 11 19 12 19 11 19 11 20 12 19 12 19 11 20 10 20 10 21 9 21 9 22 8 22 8 23 7 23 6 24 6 ]

CSI_DATA,AP,46:C6:EE:AC:4F:DC,-33,11,1,7,0,0,1,1,0,0,1,-96,1,6,0,38056148,0,114,0,0,38.2285,256,[114 -96 6 0 -5 22 -4 23 -3 22 -3 22 -1 22 0 21 0 21 1 22 1 22 1 22 2 22 2 22 2 22 2 22 2 22 1 22 0 22 0 22 0 22 -1 21 -1 20 -2 20 -3 20 -5 20 -6 19 0 0 0 0 0 0 0 0 0 0 0 0 0 0 0 0 0 0 0 0 0 0 -4 17 -5 17 -6 16 -7 17 -7 17 -8 17 -8 18 -9 19 -10 18 -10 18 -11 18 -12 18 -12 18 -12 17 -12 18 -12 18 -12 19 -10 19 -10 18 -9 19 -9 20 -8 20 -8 20 -7 21 -7 22 -6 22 ]

CSI_DATA,AP,46:C6:EE:AC:4F:DC,-33,11,1,7,0,0,1,1,0,0,1,-96,1,6,0,38056379,0,129,0,0,38.2363,256,[-127 -112 7 0 11 -21 11 -21 11 -22 10 -22 9 -22 7 -22 7 -22 7 -23 6 -23 6 -23 5 -23 5 -23 5 -23 5 -24 5 -23 6 -23 6 -22 7 -23 7 -22 7 -21 8 -21 9 -20 9 -19 10 -19 12 -18 0 0 0 0 0 0 0 0 0 0 0 0 0 0 0 0 0 0 0 0 0 0 8 -16 10 -15 11 -15 12 -15 12 -15 13 -15 14 -15 15 -16 15 -15 16 -15 17 -14 17 -14 17 -14 17 -14 18 -14 17 -15 16 -15 16 -15 16 -16 15 -16 15 -18 15 -18 14 -19 14 -19 14 -19 13 -21 ]

CSI_DATA,AP,46:C6:EE:AC:4F:DC,-33,11,1,7,0,0,1,1,0,0,1,-96,1,6,0,38075696,0,114,0,0,38.2479,256,[114 -96 6 0 -9 21 -9 21 -8 21 -7 22 -6 22 -5 21 -4 21 -4 22 -4 22 -3 22 -3 22 -2 22 -2 22 -3 22 -3 22 -3 22 -3 22 -4 22 -4 21 -5 20 -5 20 -6 20 -7 19 -8 19 -9 18 0 0 0 0 0 0 0 0 0 0 0 0 0 0 0 0 0 0 0 0 0 0 -8 15 -9 15 -10 15 -11 15 -11 15 -12 16 -13 15 -13 16 -14 15 -15 15 -15 16 -15 15 -16 15 -16 14 -16 16 -16 15 -15 16 -14 16 -14 16 -14 16 -14 18 -13 18 -12 19 -12 20 -11 20 -10 20 ]

CSI_DATA,AP,46:C6:EE:AC:4F:DC,-33,11,1,7,0,0,1,1,0,0,1,-96,1,6,0,38077234,0,129,0,0,38.2558,256,[-127 -112 7 0 -15 -19 -15 -19 -15 -18 -16 -18 -16 -17 -16 -16 -17 -16 -17 -15 -18 -15 -18 -15 -19 -14 -19 -14 -19 -14 -18 -14 -18 -15 -18 -14 -17 -15 -17 -16 -17 -16 -16 -16 -15 -16 -14 -16 -13 -16 -13 -17 -11 -18 0 0 0 0 0 0 0 0 0 0 0 0 0 0 0 0 0 0 0 0 0 0 -11 -15 -10 -16 -10 -16 -9 -17 -9 -17 -9 -19 -8 -19 -8 -20 -7 -20 -7 -20 -7 -21 -6 -22 -6 -21 -6 -21 -6 -22 -6 -22 -7 -21 -7 -21 -8 -21 -8 -20 -10 -21 -10 -21 -11 -21 -12 -20 -13 -20 -13 -20 ]

CSI_DATA,AP,14:85:7F:82:8E:F8,-78,11,0,0,0,0,0,0,0,0,0,-96,0,6,0,41581371,0,86,0,0,41.7538,128,[86 96 5 0 19 8 19 10 18 5 14 9 15 7 17 3 16 1 20 4 16 3 14 2 15 5 13 3 15 5 16 4 15 6 14 1 4 8 10 9 8 8 10 9 7 5 7 6 6 8 1 11 0 10 0 0 0 0 0 0 0 0 0 0 0 0 0 0 0 0 0 0 0 0 0 0 13 17 7 15 11 21 8 15 6 13 6 13 10 14 10 15 14 14 17 14 16 23 19 24 16 27 16 30 18 26 16 28 
17 22 17 24 14 22 15 21 16 20 13 18 8 17 10 16 10 11 15 9 ]

CSI_DATA,AP,14:85:7F:82:8E:F8,-77,11,0,0,0,0,0,0,0,0,0,-96,0,6,0,43801475,0,222,0,0,43.9741,128,[-34 -32 13 0 -10 -17 -10 -14 -13 -16 -13 -12 -13 -15 -17 -13 -13 -9 -19 -10 -18 -11 -19 -14 -20 -10 -19 -12 -22 -10 -20 -15 -16 -10 -16 -14 -15 -13 -10 -12 -10 -11 -8 -11 -10 -14 -6 -14 -8 -14 -2 -14 -1 -15 0 0 0 0 0 0 0 0 0 0 0 0 0 0 0 0 0 0 0 0 0 0 -3 -22 -1 -21 3 -24 0 -20 1 -19 -1 -18 -2 -21 -1 -18 -5 -22 0 -27 -1 -30 0 -32 0 -30 2 -34 0 -30 -2 -29 -3 -28 -5 -30 -1 -28 -2 -27 0 -27 -3 -25 -2 -23 -4 -22 -5 -20 -6 -18 ]

CSI_DATA,AP,14:85:7F:81:BF:55,-77,11,0,0,0,0,0,0,0,0,0,-96,0,6,0,45574594,0,222,0,0,45.7471,128,[-34 -32 13 0 -26 20 -29 17 -27 22 -29 19 -29 21 -30 22 -30 20 -30 21 -23 22 -26 23 -23 20 -26 21 -22 21 -20 20 -16 22 -17 18 -17 14 -15 16 -10 12 -9 8 -10 7 -7 7 -9 5 0 3 -4 3 0 0 0 0 0 0 0 0 0 0 0 0 0 0 0 0 0 0 0 0 0 0 5 2 6 6 4 7 3 8 4 5 0 7 0 7 4 9 4 11 -4 12 0 9 -1 10 -9 10 -10 12 -7 6 -12 5 -10 11 -14 0 -19 9 -20 6 -24 6 -14 6 -17 1 -18 8 -21 11 -19 8 ]

CSI_DATA,AP,14:85:7F:82:8E:F8,-77,11,0,0,0,0,0,0,0,0,0,-96,0,6,0,46582586,0,222,0,0,46.7552,128,[-34 -32 13 0 17 -6 13 -7 13 -6 12 -11 15 -7 12 -9 9 -12 9 -11 8 -14 10 -11 7 -14 5 -15 5 -15 7 -14 6 -14 5 -16 5 -14 6 -11 5 -12 6 -12 6 -12 11 -11 9 -12 15 -10 13 -7 0 0 0 0 0 0 0 0 0 0 0 0 0 0 0 0 0 0 0 0 0 0 24 6 23 5 23 8 19 7 19 9 19 7 22 4 19 5 24 4 26 6 32 8 33 10 32 9 32 12 33 13 30 12 26 6 24 10 29 11 26 11 24 8 22 8 18 4 19 5 19 5 15 1 ]

CSI_DATA,AP,14:85:7F:81:BF:55,-76,11,0,0,0,0,0,0,0,0,0,-96,0,6,0,49577238,0,222,0,0,49.7498,128,[-34 -32 13 0 -25 20 -20 21 -27 24 -30 26 -29 27 -31 25 -30 24 -28 30 -28 27 -28 30 -29 24 -30 28 -28 27 -25 23 -23 22 -22 22 -18 20 -16 16 -16 13 -13 12 -7 11 -10 10 -6 9 -6 11 -6 9 0 0 0 0 0 0 0 0 0 0 0 0 0 0 0 0 0 0 0 0 0 0 12 -7 10 -5 12 -6 12 -5 13 -3 17 -5 16 -2 13 -3 14 -3 13 -2 16 1 12 2 9 3 7 3 3 3 3 4 -2 5 -2 3 -11 3 -12 5 -12 4 -15 6 -13 6 -15 4 -17 9 -19 12 ]

CSI_DATA,AP,14:85:7F:82:8E:F8,-78,11,0,0,0,0,0,0,0,0,0,-96,0,6,0,50585187,0,222,0,0,50.7578,128,[-34 -32 13 0 22 -2 22 -3 20 -2 20 -3 23 -6 21 -3 23 -8 25 -7 20 -4 23 -7 21 -11 23 -10 21 -7 20 -3 23 -7 22 -6 17 -3 17 -5 16 -1 11 0 15 -1 17 2 17 1 12 7 13 9 0 0 0 0 0 0 0 0 0 0 0 0 0 0 0 0 0 0 0 0 0 0 17 7 13 8 14 7 13 8 16 9 15 7 15 11 16 8 21 11 21 12 24 13 28 16 27 20 30 17 23 17 22 24 22 17 22 17 22 14 21 17 21 14 21 14 18 11 21 6 23 6 18 1 ]

CSI_DATA,AP,14:85:7F:81:BF:55,-75,11,0,0,0,0,0,0,0,0,0,-96,0,6,0,52755114,0,86,0,0,52.9275,128,[86 96 5 0 -35 0 -35 2 -40 -1 -38 1 -41 -2 -43 1 -37 -2 -38 -2 -38 -1 -38 -2 -38 0 -36 -2 -35 -2 -34 -2 -31 0 -31 2 -27 0 -23 0 -19 0 -20 2 -17 -2 -15 -1 -13 -1 -11 2 -9 2 0 0 0 0 0 0 0 0 0 0 0 0 0 0 0 0 0 0 0 0 0 0 8 2 8 2 11 2 7 3 7 6 6 3 9 5 4 5 3 5 3 7 2 4 1 5 -3 6 -5 5 -8 3 -11 -3 -12 -3 -14 -2 -16 -5 -16 -4 -17 -4 -19 -7 -16 -7 -21 -1 -25 -2 -28 -3 ]

CSI_DATA,AP,14:85:7F:82:8E:F8,-75,11,0,0,0,0,0,0,0,0,0,-96,0,6,0,53582737,0,222,0,0,53.7553,128,[-34 -32 13 0 -21 10 -23 8 -18 8 -17 7 -18 14 -19 12 -14 6 -13 10 -14 8 -14 7 -16 10 -14 9 -16 13 -16 14 -14 10 -13 9 -15 4 -14 6 -13 5 -13 5 -10 4 -14 5 -13 1 -12 -3 -11 -5 0 0 0 0 0 0 0 0 0 0 0 0 0 0 0 0 0 0 0 0 0 0 -18 2 -19 -2 -22 3 -18 1 -18 3 -20 2 -18 1 -19 3 -19 0 -26 3 -30 2 -31 1 -32 1 -32 1 -29 -1 -27 -1 -25 3 -22 -3 -27 6 -22 5 -21 -3 -27 5 -18 -2 -17 4 -25 8 -18 6 ]       

CSI_DATA,AP,14:85:7F:81:BF:55,-75,11,0,0,0,0,0,0,0,0,0,-96,0,6,0,54573582,0,222,0,0,54.7461,128,[-34 -32 13 0 -37 3 -37 3 -36 1 -37 -2 -40 -3 -40 -1 -37 -2 -35 -2 -33 -3 -32 1 -31 -2 -29 2 -31 -1 -27 0 -24 2 -26 1 -21 -1 -16 0 -16 1 -13 2 -14 -2 -11 0 -8 3 -7 2 -8 3 0 0 0 0 0 0 0 0 0 0 0 0 0 0 0 0 0 0 0 0 0 0 7 -1 9 -1 9 1 7 -1 9 2 7 1 5 1 8 3 4 1 2 2 2 2 -1 2 -5 3 -5 3 -7 -1 -11 0 -13 -4 -12 -2 -17 -4 -16 -2 -17 -2 -22 -5 -20 -3 -25 1 -27 1 -29 -3 ]

CSI_DATA,AP,14:85:7F:82:8E:F8,-77,11,0,0,0,0,0,0,0,0,0,-96,0,6,0,57580574,0,222,0,0,57.7532,128,[-34 -32 13 0 20 14 14 11 18 9 14 10 17 7 15 6 13 6 14 3 15 2 13 0 18 0 16 -1 18 -1 15 2 18 1 16 -2 15 1 12 3 12 2 8 2 11 1 11 3 9 4 10 8 6 10 0 0 0 0 0 0 0 0 0 0 0 0 0 0 0 0 0 0 0 0 0 0 13 12 7 14 6 19 18 4 23 23 6 6 7 19 10 16 11 18 13 22 11 23 15 28 14 28 13 29 14 24 10 24 13 24 12 21 12 21 12 22 12 20 14 18 12 21 12 15 14 12 15 12 ]

CSI_DATA,AP,14:85:7F:81:BF:55,-76,11,0,0,0,0,0,0,0,0,0,-96,0,6,0,58800872,0,222,0,0,58.9734,128,[-34 -32 13 0 -34 -10 -31 -9 -38 -12 -35 -16 -39 -11 -38 -16 -37 -7 -38 -13 -34 -8 -37 -12 -34 -9 -38 -11 -31 -10 -34 -9 -27 -8 -26 -5 -21 -10 -21 -3 -16 -6 -13 -1 -16 -6 -12 -2 -13 -1 -7 -1 -11 1 0 0 0 0 0 0 0 0 0 0 0 0 0 0 0 0 0 0 0 0 0 0 8 3 7 2 8 6 7 4 9 4 7 6 7 4 7 3 4 6 4 6 4 4 1 1 1 6 -1 1 -3 3 -4 -6 -6 -3 -10 -9 -9 -3 -15 -2 -14 -7 -18 -8 -13 -8 -19 -9 -20 -10 -21 -8 ]

CSI_DATA,AP,14:85:7F:82:8E:F8,-76,11,0,0,0,0,0,0,0,0,0,-96,0,6,0,59579642,0,222,0,0,59.7522,128,[-34 -32 13 0 20 6 21 7 16 7 16 4 17 4 16 2 12 0 12 0 14 -3 14 -6 16 -7 15 -10 14 -7 14 -6 13 -7 16 -10 14 -5 14 -5 15 -4 12 -4 12 -4 13 2 12 2 10 3 9 6 0 0 0 0 0 0 0 0 0 0 0 0 0 0 0 0 0 0 0 0 0 0 20 12 17 15 16 16 15 16 14 14 13 14 14 16 14 15 17 19 20 19 19 24 22 25 20 26 20 25 16 24 19 26 16 23 16 19 17 21 19 17 14 15 18 16 12 13 13 11 19 12 16 9 ]

CSI_DATA,AP,14:85:7F:81:BF:55,-77,11,0,0,0,0,0,0,0,0,0,-96,0,6,0,61577643,0,222,0,0,61.7502,128,[-34 -32 13 0 -36 -5 -38 -8 -39 -10 -38 -11 -41 -10 -37 -10 -35 -14 -33 -9 -32 -7 -33 -9 -31 -5 -35 -4 -32 -7 -30 -7 -27 -4 -28 -6 -20 -1 -22 -5 -16 -2 -15 0 -13 -3 -13 -3 -8 -2 -5 2 -6 1 0 0 0 0 0 0 0 0 0 0 0 0 0 0 0 0 0 0 0 0 0 0 5 6 3 7 3 7 3 10 2 8 5 9 2 9 -1 4 0 8 -4 7 -7 -1 -3 4 -5 5 -10 1 -10 -3 -12 -8 -15 -8 -12 -8 -15 -11 -17 -10 -15 -10 -19 -12 -19 -13 -21 -5 -26 -9 -26 -6 ] 

CSI_DATA,AP,30:89:4A:AE:25:8B,-78,11,0,0,0,0,0,0,0,0,0,-96,0,6,0,62727359,0,148,0,0,62.8998,128,[-108 64 9 0 29 -14 22 -16 25 -14 24 -10 19 -8 17 -7 15 -8 15 -6 11 -5 4 -7 1 -6 -1 -5 -5 -7 -6 -9 -7 -10 -10 -5 -11 -5 -15 -10 -13 -12 -12 -5 -15 -11 -16 -7 -21 -9 -14 -10 -15 -11 0 0 0 0 0 0 0 0 0 0 0 0 0 0 0 0 0 0 0 0 0 0 -1 32 0 28 -5 30 -5 35 0 34 -7 32 -3 32 -7 28 -7 30 -4 35 -8 35 -9 38 -10 33 -6 33 -5 28 -4 27 -6 23 -7 16 -5 11 1 5 -3 1 7 0 6 -1 13 -7 14 -13 12 -12 ]

CSI_DATA,AP,14:85:7F:81:BF:55,-78,11,0,0,0,0,0,0,0,0,0,-96,0,6,0,63670693,0,222,0,0,63.8433,128,[-34 -32 13 0 -21 23 -25 26 -24 27 -29 25 -27 26 -30 22 -29 21 -25 22 -26 26 -24 26 -22 28 -22 26 -21 25 -16 25 -14 22 -18 25 -13 21 -13 19 -9 17 -9 15 -5 11 -8 10 -4 6 -2 5 3 5 0 0 0 0 0 0 0 0 0 0 0 0 0 0 0 0 0 0 0 0 0 0 11 6 9 6 10 8 8 11 9 8 10 8 11 8 10 10 7 9 6 13 3 10 4 12 -1 7 -2 11 -6 9 -7 11 -11 7 -11 5 -15 7 -16 6 -15 6 -19 7 -15 6 -18 9 -19 12 -19 12 ]

CSI_DATA,AP,14:85:7F:81:BF:55,-76,11,0,0,0,0,0,0,0,0,0,-96,0,6,0,67574176,0,222,0,0,67.7468,128,[-34 -32 13 0 -27 21 -27 25 -30 23 -27 21 -29 24 -30 23 -29 22 -29 26 -25 24 -25 23 -24 23 -28 21 -27 21 -20 18 -22 20 -15 16 -16 13 -12 12 -11 8 -13 10 -9 11 -8 7 -8 5 -2 5 -6 7 0 0 0 0 0 0 0 0 0 0 0 0 0 0 0 0 0 0 0 0 0 0 6 -7 7 -6 11 -8 6 -9 7 -7 7 -7 8 -6 10 -3 8 -5 6 -2 6 -2 5 -1 1 1 1 -3 -3 5 -6 3 -4 7 -7 6 -13 7 -20 8 -17 10 -17 11 -18 6 -22 10 -22 13 -21 17 ]

CSI_DATA,AP,14:85:7F:82:8E:F8,-75,11,0,0,0,0,0,0,0,0,0,-96,0,6,0,69581612,0,222,0,0,69.7542,128,[-34 -32 13 0 22 9 19 12 19 9 19 6 20 8 19 2 15 2 21 3 18 0 21 0 21 0 19 2 18 -2 18 1 18 0 14 -1 17 1 15 2 13 0 14 2 12 1 13 3 10 3 10 4 8 8 0 0 0 0 0 0 0 0 0 0 0 0 0 0 0 0 0 0 0 0 0 0 16 14 12 13 17 12 13 13 13 11 16 12 17 15 17 14 17 18 21 15 25 22 28 23 26 27 24 28 19 29 19 27 18 28 17 24 17 24 17 23 17 17 18 22 14 18 17 14 17 13 18 13 ]

CSI_DATA,AP,46:C6:EE:AC:4F:DC,-34,11,1,7,0,0,1,1,0,0,1,-96,1,6,0,70175515,0,114,0,0,70.3479,256,[114 -96 6 0 1 21 2 21 2 21 3 21 4 20 5 19 6 19 6 20 7 19 8 19 8 19 8 18 8 19 8 19 8 19 8 19 7 19 7 20 7 19 6 19 5 19 5 19 4 19 3 19 2 19 0 0 0 0 0 0 0 0 0 0 0 0 0 0 0 0 0 0 0 0 0 0 2 20 0 20 -2 20 -3 21 -3 20 -4 21 -5 22 -5 23 -6 22 -7 22 -7 23 -8 22 -8 22 -8 21 -8 21 -9 22 -8 21 -7 21 -6 20 -5 21 -5 22 -4 22 -3 22 -2 22 -2 22 -1 22 ]

CSI_DATA,AP,46:C6:EE:AC:4F:DC,-34,11,1,7,0,0,1,1,0,0,1,-96,1,6,0,70175633,0,129,0,0,70.3553,256,[-127 -112 7 0 -21 7 -20 7 -19 8 -19 9 -18 9 -17 9 -17 10 -17 11 -16 11 -16 12 -16 12 -16 12 -16 13 -16 13 -15 13 -16 12 -16 12 -17 12 -16 12 -17 11 -16 10 -17 10 -17 9 -18 8 -18 7 0 0 0 0 0 0 0 0 0 0 0 0 0 0 0 0 0 0 0 0 0 0 -19 6 -20 5 -20 4 -21 4 -21 3 -21 2 -22 1 -23 1 -22 0 -23 0 -23 -1 -23 -2 -23 -2 -23 -2 -23 -2 -23 -2 -23 -1 -22 -1 -22 0 -22 1 -22 2 -22 2 -22 3 -22 4 -22 5 -22 5 ]

CSI_DATA,AP,46:C6:EE:AC:4F:DC,-34,11,1,7,0,0,1,1,0,0,1,-96,1,6,0,70195081,0,114,0,0,70.3673,256,[114 -96 6 0 -15 15 -15 14 -14 15 -13 15 -13 16 -12 15 -11 16 -11 17 -10 17 -10 17 -10 18 -9 17 -9 18 -9 18 -9 18 -10 18 -10 17 -11 17 -11 16 -11 16 -11 15 -12 15 -12 14 -13 14 -14 12 0 0 0 0 0 0 0 0 0 0 0 0 0 0 0 0 0 0 0 0 0 0 -13 15 -14 14 -15 13 -16 12 -17 12 -17 12 -18 11 -19 11 -20 10 -20 10 -20 10 -21 10 -21 9 -21 8 -21 8 -21 8 -20 9 -20 9 -19 9 -19 9 -19 11 -19 11 -19 12 -17 13 -17 13 -17 14 ]

CSI_DATA,AP,46:C6:EE:AC:4F:DC,-35,11,1,7,0,0,1,1,0,0,1,-96,1,6,0,70195199,0,129,0,0,70.3754,256,[-127 -112 7 0 -16 -15 -17 -14 -17 -14 -18 -13 -18 -12 -18 -11 -18 -11 -18 -10 -18 -9 -20 -9 -20 -9 -19 -8 -20 -9 -19 -9 -20 -9 -19 -8 -20 -9 -19 -10 -18 -10 -18 -10 -17 -11 -17 -11 -17 -11 -16 -12 -15 -13 0 0 0 0 0 0 0 0 0 0 0 0 0 0 0 0 0 0 0 0 0 0 -16 -13 -16 -15 -14 -15 -15 -16 -14 -16 -14 -18 -14 -19 -13 -20 -12 -20 -12 -20 -12 -21 -12 -21 -11 -21 -11 -21 -11 -21 -11 -21 -11 -21 -10 -20 -12 -19 -12 -19 -13 -19 -14 -18 -14 -18 -15 -18 -16 -17 -16 -17 ]

CSI_DATA,AP,46:C6:EE:AC:4F:DC,-35,11,1,7,0,0,1,1,0,0,1,-96,1,6,0,70225840,0,129,0,0,70.398,256,[-127 -112 7 0 24 0 24 -1 23 -2 24 -2 23 -3 22 -4 22 -5 22 -6 22 -7 22 -8 22 -8 21 -8 22 -8 22 -8 22 -8 22 -7 22 -7 22 -7 22 -6 21 -6 21 -5 21 -4 21 -3 21 -2 21 -1 0 0 0 0 0 0 0 0 0 0 0 0 0 0 0 0 0 0 0 0 0 0 22 -1 23 2 23 2 23 3 23 4 23 5 24 6 24 7 24 8 24 8 24 9 23 9 24 10 23 10 23 10 23 10 23 10 23 9 23 8 23 7 23 7 24 6 24 5 24 4 25 3 25 2 ]

CSI_DATA,AP,46:C6:EE:AC:4F:DC,-35,11,1,7,0,0,1,1,0,0,1,-96,1,6,0,70227034,0,114,0,0,70.4057,256,[114 -96 6 0 -2 21 -1 21 0 21 1 21 1 20 2 19 3 19 3 20 4 19 5 20 6 19 5 19 6 19 5 19 6 20 5 20 5 19 4 20 4 19 3 19 3 18 2 19 2 19 0 19 -1 18 0 0 0 0 0 0 0 0 0 0 0 0 0 0 0 0 0 0 0 0 0 0 -1 20 -3 20 -4 19 -6 20 -6 20 -7 20 -7 21 -8 21 -8 21 -10 21 -10 21 -10 20 -11 20 -11 20 -11 20 -11 20 -10 20 -10 19 -9 20 -8 20 -8 20 -6 21 -6 21 -5 21 -4 21 -4 22 ]

CSI_DATA,AP,46:C6:EE:AC:4F:DC,-35,11,1,7,0,0,1,1,0,0,1,-96,1,6,0,70246625,0,129,0,0,70.4189,256,[-127 -112 7 0 -11 17 -11 18 -9 18 -9 18 -8 19 -7 18 -6 19 -5 19 -5 19 -4 19 -4 19 -4 19 -4 20 -5 19 -4 20 -5 19 -5 19 -5 20 -5 19 -6 18 -6 18 -7 17 -7 17 -9 17 -9 16 0 0 0 0 0 0 0 0 0 0 0 0 0 0 0 0 0 0 0 0 0 0 -9 16 -11 17 -12 16 -14 16 -13 15 -14 15 -15 15 -16 16 -17 15 -17 15 -17 15 -18 14 -18 13 -18 13 -19 14 -18 13 -18 13 -17 13 -17 13 -15 14 -15 15 -15 15 -14 16 -14 16 -14 17 -13 18 ]

CSI_DATA,AP,46:C6:EE:AC:4F:DC,-36,11,1,7,0,0,1,1,0,0,1,-96,1,6,0,70246746,0,114,0,0,70.4269,256,[114 -96 6 0 -21 -8 -21 -7 -21 -6 -20 -5 -21 -5 -20 -4 -20 -3 -20 -2 -21 -2 -20 0 -21 -1 -20 0 -21 0 -21 0 -21 0 -21 -1 -20 -1 -21 -2 -20 -2 -20 -2 -20 -3 -19 -3 -19 -4 -19 -5 -18 -6 0 0 0 0 0 0 0 0 0 0 0 0 0 0 0 0 0 0 0 0 0 0 -19 -7 -19 -8 -18 -9 -18 -10 -18 -10 -18 -12 -19 -13 -18 -14 -18 -14 -18 -14 -18 -15 -17 -16 -17 -15 -17 -16 -17 -16 -17 -16 -17 -15 -17 -14 -17 -13 -17 -13 -18 -13 -19 -12 -19 -12 -20 -11 -20 -10 -20 -10 ]

CSI_DATA,AP,46:C6:EE:AC:4F:DC,-35,11,1,7,0,0,1,1,0,0,1,-96,1,6,0,70351529,0,119,0,0,70.5238,256,[119 -16 6 0 -5 19 -5 18 -4 19 -3 18 -2 19 -2 18 -1 18 -1 18 0 19 1 19 1 18 1 18 1 18 1 19 1 19 1 19 0 18 0 18 -1 18 -1 18 -1 17 -2 18 -2 17 -4 17 -5 16 0 0 0 0 0 0 0 0 0 0 0 0 0 0 0 0 0 0 0 0 0 0 -3 18 -4 18 -6 17 -7 18 -7 18 -8 18 -9 18 -10 18 -10 18 -11 18 -11 18 -12 18 -12 17 -12 17 -13 17 -12 17 -12 17 -11 17 -11 16 -10 17 -10 17 -9 18 -9 19 -8 19 -7 19 -6 19 ]

CSI_DATA,AP,46:C6:EE:AC:4F:DC,-36,11,1,7,0,0,1,1,0,0,1,-96,1,6,0,70354291,0,116,0,0,70.5315,256,[116 -64 6 0 -14 16 -14 16 -13 16 -12 17 -11 17 -10 16 -9 17 -9 18 -8 18 -8 18 -8 18 -7 18 -7 18 -8 19 -7 18 -8 18 -8 18 -9 18 -9 17 -9 17 -9 16 -10 16 -11 15 -11 14 -13 14 0 0 0 0 0 0 0 0 0 0 0 0 0 0 0 0 0 0 0 0 0 0 -12 15 -13 14 -14 14 -15 14 -15 13 -16 13 -17 13 -18 13 -18 12 -19 12 -20 11 -20 11 -20 11 -20 10 -20 10 -20 10 -19 10 -19 11 -18 11 -17 12 -17 12 -17 13 -16 14 -16 14 -16 14 -16 15 ]

CSI_DATA,AP,46:C6:EE:AC:4F:DC,-36,11,1,7,0,0,1,1,0,0,1,-96,1,6,0,70376978,0,119,0,0,70.5493,256,[119 -16 6 0 -20 10 -19 10 -19 11 -18 11 -17 12 -16 12 -16 13 -15 14 -16 14 -15 15 -15 14 -14 15 -14 14 -15 15 -14 15 -15 15 -15 15 -16 14 -15 14 -15 13 -15 12 -15 12 -16 11 -17 10 -17 9 0 0 0 0 0 0 0 0 0 0 0 0 0 0 0 0 0 0 0 0 0 0 -18 9 -19 8 -20 7 -20 7 -21 6 -21 5 -22 5 -22 4 -22 4 -23 3 -23 2 -23 2 -24 1 -23 1 -23 2 -24 2 -23 2 -22 2 -22 3 -22 4 -22 5 -22 6 -22 6 -21 7 -22 7 -21 8 ]
CSI_DATA,AP,46:C6:EE:AC:4F:DC,-37,11,1,7,0,0,1,1,0,0,1,-96,1,6,0,70377096,0,116,0,0,70.5572,256,[116 -64 6 0 -12 -19 -12 -18 -13 -18 -13 -17 -14 -16 -14 -15 -15 -15 -15 -14 -16 -14 -16 -14 -17 -14 -16 -13 -17 -13 -17 -13 -17 -13 -16 -14 -15 -13 -16 -14 -15 -14 -15 -14 -14 -14 -14 -14 -13 -15 -12 -15 -11 -16 0 0 0 0 0 0 0 0 0 0 0 0 0 0 0 0 0 0 0 0 0 0 -11 -17 -10 -18 -9 -18 -8 -19 -7 -19 -7 -20 -7 -22 -6 -22 -6 -22 -5 -22 -5 -23 -4 -23 -4 -22 -4 -22 -4 -22 -4 -23 -4 -22 -5 -22 -5 -21 -6 -20 -7 -21 -8 -20 -8 -20 -9 -20 -10 -20 -10 -20 ]

CSI_DATA,AP,46:C6:EE:AC:4F:DC,-36,11,1,7,0,0,1,1,0,0,1,-96,1,6,0,70411735,0,121,0,0,70.5839,256,[121 16 7 0 5 21 5 21 6 21 7 20 8 20 8 18 9 19 10 19 10 18 10 18 11 18 11 18 11 18 11 18 11 19 11 19 10 19 10 19 9 19 8 19 8 18 7 19 6 19 5 19 4 19 0 0 0 0 0 0 0 0 0 0 0 0 0 0 0 0 0 0 0 0 0 0 6 19 5 20 4 20 3 21 2 21 2 22 1 23 0 23 0 23 -2 23 -2 24 -3 24 -3 23 -4 23 
-4 23 -3 24 -3 23 -3 22 -2 22 -1 22 -1 23 1 22 1 23 2 23 3 23 3 22 ]

CSI_DATA,AP,46:C6:EE:AC:4F:DC,-36,11,1,7,0,0,1,1,0,0,1,-96,1,6,0,70422703,0,121,0,0,70.5949,256,[121 16 7 0 13 15 13 14 14 14 14 13 15 12 14 11 15 11 15 11 16 10 16 9 16 9 16 9 16 9 16 10 16 10 16 10 15 10 15 11 15 11 14 11 13 11 13 12 13 12 12 13 11 14 0 0 0 0 0 0 0 0 0 0 0 0 0 0 0 0 0 0 0 0 0 0 13 12 12 13 11 14 11 15 11 15 11 16 10 17 10 18 9 19 9 19 8 19 8 19 7 19 7 19 7 19 7 19 7 19 7 18 8 18 8 17 9 18 10 17 10 17 11 17 12 16 12 16 ]

CSI_DATA,AP,46:C6:EE:AC:4F:DC,-34,11,1,7,0,0,1,1,0,0,1,-96,1,6,0,71713307,0,110,0,0,71.8857,256,[110 96 6 0 -19 -13 -18 -13 -18 -12 -19 -12 -19 -10 -19 -10 -19 -9 -19 -8 -19 -8 -20 -8 -20 -7 -20 -7 -20 -6 -20 -6 -20 -7 -20 -7 -19 -7 -20 -8 -19 -8 -19 -8 -18 -9 -18 -9 -17 -10 -17 -11 -16 -11 0 0 0 0 0 0 0 0 0 0 0 0 0 0 0 0 0 0 0 0 0 0 -16 -12 -16 -13 -15 -14 -15 -15 -14 -15 -14 -16 -15 -17 -15 -18 -14 -18 -14 -18 -13 -20 -13 -20 -12 -19 -12 -20 -13 -20 -13 -20 -13 -19 -13 -19 -13 -18 -14 -17 -15 -17 -15 -17 -15 -17 -16 -16 -17 -16 -16 -16 ]

CSI_DATA,AP,14:85:7F:82:8E:F8,-76,11,0,0,0,0,0,0,0,0,0,-96,0,6,0,72580227,0,222,0,0,72.7529,128,[-34 -32 13 0 -21 1 -18 2 -23 4 -21 9 -18 10 -16 4 -17 10 -14 8 -14 7 -16 9 -17 12 -18 8 -12 8 -11 9 -13 7 -14 9 -16 6 -16 5 -9 5 -13 4 -15 6 -12 1 -11 2 -12 -3 -9 -7 0 0 0 0 0 0 0 0 0 0 0 0 0 0 0 0 0 0 0 0 0 0 -20 -2 -19 -6 -18 -6 -20 -5 -22 -6 -17 -4 -16 -8 -20 -5 -19 -4 -22 -4 -26 -8 -31 -10 -33 -12 -33 -8 -28 -11 -29 -12 -28 -14 -25 -12 -24 -11 -24 -11 -22 -10 -23 -11 -18 -5 -19 -4 -18 -2 -21 6 ]

CSI_DATA,AP,14:85:7F:81:BF:55,-77,11,0,0,0,0,0,0,0,0,0,-96,0,6,0,72821150,0,222,0,0,72.9937,128,[-34 -32 13 0 23 23 22 31 24 30 23 32 24 31 22 32 24 28 2 31 21 26 20 27 20 25 18 26 20 25 17 22 17 21 15 20 12 18 9 15 8 10 8 11 8 10 7 8 5 7 2 6 6 4 0 0 0 0 0 0 0 0 0 0 0 0 0 0 0 0 0 0 0 0 0 0 -4 -9 -3 -10 -3 -11 -1 -7 0 -9 -2 -8 3 -9 1 -3 2 -3 2 -4 4 2 6 5 4 1 4 8 7 9 8 13 9 19 10 20 7 20 9 22 6 21 8 23 10 21 10 24 10 28 18 22 ]

CSI_DATA,AP,14:85:7F:81:BF:55,-76,11,0,0,0,0,0,0,0,0,0,-96,0,6,0,75577749,0,222,0,0,75.7504,128,[-34 -32 13 0 -1 -32 0 -34 -1 -35 0 -39 1 -37 0 -36 1 -34 -1 -38 0 -35 -4 -36 0 -33 -1 -32 -2 -32 -2 -30 0 -29 0 -27 0 -21 0 -19 -1 -13 0 -15 -1 -13 1 -11 0 -9 -1 -8 -3 -7 0 0 0 0 0 0 0 0 0 0 0 0 0 0 0 0 0 0 0 0 0 0 3 7 3 8 1 7 0 10 3 8 -2 9 -1 8 -2 7 -3 7 -2 7 -3 5 1 3 -1 2 -1 -3 -1 -4 -4 -7 -2 -12 -2 -12 5 -14 4 -14 8 -17 6 -18 4 -18 6 -22 2 -22 0 -24 ]

CSI_DATA,AP,14:85:7F:82:8E:F8,-75,11,0,0,0,0,0,0,0,0,0,-96,0,6,0,78580833,0,222,0,0,78.7534,128,[-34 -32 13 0 5 -22 6 -23 5 -20 4 -17 4 -17 5 -18 4 -18 0 -16 -2 -13 -2 -16 -5 -17 -5 -17 -1 -15 -5 -16 -7 -14 -6 -16 0 -14 -3 -12 -2 -12 -2 -14 -2 -14 1 -12 2 -12 1 -10 3 -7 0 0 0 0 0 0 0 0 0 0 0 0 0 0 0 0 0 0 0 0 0 0 12 -21 11 -20 14 -21 12 -17 12 -18 9 -18 9 -20 9 -21 10 -22 18 -26 17 -29 21 -30 23 -26 25 -27 21 -25 21 -25 17 -24 21 -22 20 -25 18 -23 17 -22 17 -21 11 -18 15 -18 9 -19 6 -19 ]

CSI_DATA,AP,30:E3:7A:9D:54:63,-88,11,0,0,0,0,0,0,0,0,0,-96,0,6,0,79474728,0,66,0,0,79.6471,128,[66 32 4 0 -8 6 -8 3 -12 5 -2 2 -9 -2 -12 6 -8 5 -4 -3 -4 7 -5 -3 -6 -1 4 0 1 8 3 10 4 8 3 4 6 13 3 6 0 6 -4 4 3 9 3 10 -2 13 -1 5 -4 10 0 0 0 0 0 0 0 0 0 0 0 0 0 0 0 0 0 0 0 0 0 0 -6 0 -15 8 -14 8 -15 1 -18 2 -15 -2 -19 6 -17 -5 -22 -11 -19 -5 -22 -8 -21 -9 -27 -3 -24 1 -14 -12 -24 -7 -15 -7 -15 -3 -9 -8 -20 -2 -15 -7 -14 -5 -13 -2 -12 -4 -9 -3 -15 -4 ]

CSI_DATA,AP,14:85:7F:81:BF:55,-77,11,0,0,0,0,0,0,0,0,0,-96,0,6,0,80578961,0,222,0,0,80.7516,128,[-34 -32 13 0 11 -33 11 -34 12 -35 13 -35 16 -37 19 -36 18 -35 14 -31 14 -30 16 -31 17 -32 11 -29 13 -29 6 -25 9 -25 7 -20 5 -21 6 -17 8 -15 3 -13 3 -12 1 -10 3 -9 -2 -2 -5 -7 0 0 0 0 0 0 0 0 0 0 0 0 0 0 0 0 0 0 0 0 0 0 -7 0 -6 2 -10 -1 -8 1 -5 2 -8 -1 -7 -2 -10 -3 -7 -4 -3 -4 -5 -9 -3 -8 -2 -9 3 -10 4 -13 3 -15 7 -17 7 -14 9 -15 14 -13 12 -17 16 -19 11 -23 12 -17 12 -21 7 -25 ]       

CSI_DATA,AP,14:85:7F:82:8E:F8,-76,11,0,0,0,0,0,0,0,0,0,-96,0,6,0,81586981,0,222,0,0,81.7595,128,[-34 -32 13 0 -13 -6 -11 -2 -16 -4 -14 -5 -13 -1 -13 3 -10 2 -11 4 -14 2 -13 3 -12 5 -12 6 -13 6 -13 3 -11 3 -9 7 -10 3 -12 5 -10 2 -10 4 -10 4 -10 1 -6 -2 -6 -2 -6 -3 0 0 0 0 0 0 0 0 0 0 0 0 0 0 0 0 0 0 0 0 0 0 -15 -14 -13 -15 -14 -17 -13 -14 -13 -14 -13 -13 -15 -12 -12 -12 -16 -16 -18 -13 -21 -18 -21 -25 -22 -21 -20 -23 -17 -22 -15 -23 -16 -24 -14 -20 -14 -16 -11 -18 -13 -17 -13 -12 -10 -14 -9 -9 -10 -8 -16 -9 ]

CSI_DATA,AP,14:85:7F:82:8E:F8,-77,11,0,0,0,0,0,0,0,0,0,-96,0,6,0,84671671,0,222,0,0,84.8442,128,[-34 -32 13 0 8 18 7 24 11 18 10 19 10 20 13 16 12 19 14 18 16 13 15 18 12 15 10 17 13 20 12 19 9 15 8 10 7 10 6 11 7 11 7 16 6 7 4 7 -2 10 -3 9 -7 9 0 0 0 0 0 0 0 0 0 0 0 0 0 0 0 0 0 0 0 0 0 0 -5 18 -9 18 -10 18 -9 17 -7 18 -4 17 -5 18 -2 22 -6 23 -9 26 -10 33 -10 38 -13 33 -17 38 -14 34 -15 33 -12 31 -11 27 -12 25 -11 28 -12 25 -10 22 -2 20 -9 15 -2 19 2 15 ]
CSI_DATA,AP,14:85:7F:81:BF:55,-77,11,0,0,0,0,0,0,0,0,0,-96,0,6,0,86579595,0,222,0,0,86.7522,128,[-34 -32 13 0 32 3 33 2 34 4 34 0 34 5 34 6 34 3 34 3 33 3 30 1 30 4 29 3 31 3 28 2 24 0 23 2 19 2 17 0 13 0 13 -1 10 -1 8 -2 5 -2 4 -2 6 -3 0 0 0 0 0 0 0 0 0 0 0 0 0 0 0 0 0 0 0 0 0 0 -6 -1 -5 0 -5 -2 -7 -3 -4 -3 -5 -4 -4 -3 -4 -3 -2 -2 2 -3 0 -2 4 -5 6 -3 8 -2 10 -1 13 0 13 5 15 2 19 4 22 5 20 5 23 6 15 8 23 9 21 4 21 6 ]

CSI_DATA,AP,14:85:7F:82:8E:F8,-77,11,0,0,0,0,0,0,0,0,0,-96,0,6,0,87580311,0,222,0,0,87.7529,128,[-34 -32 13 0 -14 -9 -13 -9 -15 -7 -14 -7 -13 -6 -14 -7 -15 -9 -16 -7 -13 -9 -14 -6 -11 -5 -11 -3 -8 -5 -10 -6 -11 -3 -7 0 -5 -2 -5 -1 -6 -2 -4 1 -6 -2 -4 -1 -4 -1 -4 -6 -5 -5 0 0 0 0 0 0 0 0 0 0 0 0 0 0 0 0 0 0 0 0 0 0 -7 -20 -4 -20 -5 -21 -3 -21 -4 -18 -4 -20 -6 -21 -6 -21 -8 -25 -7 -26 -11 -33 -11 -37 -8 -36 -6 -34 -6 -33 -4 -33 -3 -31 -4 -27 -2 -27 -2 -22 -6 -22 -3 -19 -5 -19 -5 -15 -7 -14 -9 -11 ]
