CSI_DATA,AP,46:C6:EE:AC:4F:DC,-35,11,1,4,0,0,1,1,0,0,0,-96,1,6,0,13999379,0,126,0,0,14.1713,256,[126 96 7 0 13 19 12 19 13 19 13 18 14 17 14 16 14 15 13 15 14 14 14 14 14 13 14 13 14 13 14 12 13 12 13 13 12 12 13 12 12 12 11 12 10 12 10 12 9 12 8 12 7 12 0 0 0 0 0 0 0 0 0 0 0 0 0 0 0 0 0 0 0 0 0 0 11 12 10 12 10 14 10 14 10 15 10 16 9 17 9 18 9 19 8 19 8 20 8 21 7 21 7 20 7 21 7 22 7 22 8 21 8 21 9 21 10 21 10 21 10 22 11 21 11 21 11 21 ]

CSI_DATA,AP,46:C6:EE:AC:4F:DC,-35,11,1,4,0,0,1,1,0,0,0,-96,1,6,0,14000525,0,126,0,0,14.1796,256,[126 96 7 0 -4 25 -4 25 -3 25 -2 25 -1 24 0 23 0 23 1 22 1 22 2 22 2 22 2 21 3 21 2 21 2 21 2 20 1 20 1 20 0 19 0 18 0 17 0 17 -1 17 -2 17 -3 16 0 0 0 0 0 0 0 0 0 0 0 0 0 0 0 0 0 0 0 0 0 0 1 18 0 19 -2 19 -3 20 -3 20 -4 21 -5 22 -6 22 -6 22 -7 22 -8 23 -9 23 -9 23 -9 23 -10 24 -9 24 -9 25 -9 24 -9 24 -8 25 -8 25 -7 25 -7 26 -6 26 -6 27 -5 27 ]

CSI_DATA,AP,46:C6:EE:AC:4F:DC,-36,11,1,4,0,0,1,1,0,0,0,-96,1,6,0,14001583,0,126,0,0,14.1868,256,[126 96 7 0 24 1 23 1 23 0 22 0 22 -1 21 -1 21 -2 20 -3 21 -4 20 -4 19 -3 19 -4 19 -4 19 -4 18 -4 19 -3 18 -4 18 -3 17 -2 17 -2 16 -2 16 -1 15 -1 15 0 15 1 0 0 0 0 0 0 0 0 0 0 0 0 0 0 0 0 0 0 0 0 0 0 16 -3 17 -2 17 -1 18 0 18 0 19 1 20 2 20 2 20 3 21 4 21 5 21 5 22 6 22 6 22 6 22 6 22 6 22 5 22 5 23 5 24 5 24 4 23 4 24 3 24 3 24 3 ]

CSI_DATA,AP,46:C6:EE:AC:4F:DC,-32,11,1,3,0,0,1,1,0,0,0,-96,1,6,0,14002977,0,126,0,0,14.1937,256,[126 96 7 0 -26 10 -25 10 -24 10 -22 9 -21 10 -20 10 -19 10 -19 10 -19 11 -18 10 -17 10 -17 10 -16 10 -16 11 -16 10 -15 9 -15 9 -15 9 -14 8 -14 8 -13 7 -13 7 -13 6 -13 6 -13 5 0 0 0 0 0 0 0 0 0 0 0 0 0 0 0 0 0 0 0 0 0 0 -13 8 -14 8 -14 7 -15 8 -16 8 -17 8 -17 7 -18 8 -18 7 -20 7 -21 6 -22 6 -21 6 -22 6 -22 7 -23 6 -23 7 -24 7 -23 8 -24 8 -24 9 -24 9 -26 10 -26 10 -26 10 -26 10 ]

CSI_DATA,AP,46:C6:EE:AC:4F:DC,-32,11,1,3,0,0,1,1,0,0,0,-96,1,6,0,14004552,0,126,0,0,14.2012,256,[126 96 7 0 -20 -24 -19 -24 -19 -23 -18 -21 -18 -20 -18 -19 -18 -19 -17 -17 -17 -17 -17 -17 -18 -16 -17 -15 -16 -15 -17 -15 -16 -15 -15 -15 -14 -14 -14 -14 -13 -13 -13 -14 -13 -13 -12 -13 -11 -13 -10 -13 -10 -13 0 0 0 0 0 0 0 0 0 0 0 0 0 0 0 0 0 0 0 0 0 0 -15 -10 -15 -11 -14 -12 -15 -13 -15 -14 -16 -15 -15 -15 -16 -17 -16 -17 -16 -18 -16 -19 -16 -21 -16 -20 -15 -21 -16 -21 -16 -22 -16 -22 -17 -22 -17 -22 -18 -22 -19 -23 -19 -23 -20 -25 -21 -24 -21 -25 -20 -25 ]

CSI_DATA,AP,46:C6:EE:AC:4F:DC,-32,11,1,3,0,0,1,1,0,0,0,-96,1,6,0,14006327,0,126,0,0,14.2096,256,[126 96 7 0 -30 10 -29 9 -29 9 -27 9 -25 9 -24 10 -24 10 -23 10 -22 10 -22 10 -21 10 -21 9 -20 9 -20 10 -20 9 -19 8 -18 8 -18 8 -17 7 -18 7 -17 6 -16 6 -16 5 -16 5 -16 4 0 0 0 0 0 0 0 0 0 0 0 0 0 0 0 0 0 0 0 0 0 0 -14 10 -16 10 -16 9 -17 9 -18 9 -19 9 -19 9 -21 9 -22 9 -23 9 -24 7 -25 8 -25 7 -25 7 -25 7 -26 7 -27 7 -27 7 -27 8 -28 9 -28 9 -28 10 -30 10 -31 10 -31 11 -30 11 ]

CSI_DATA,AP,46:C6:EE:AC:4F:DC,-32,11,1,2,0,0,1,1,0,0,0,-96,1,6,0,14007913,0,126,0,0,14.217,256,[126 96 7 0 -29 -13 -29 -12 -29 -12 -27 -11 -27 -11 -26 -10 -25 -10 -24 -8 -24 -8 -23 -6 -23 -5 -23 -4 -22 -5 -23 -5 -23 -5 -22 -6 -20 -6 -20 -7 -18 -7 -19 -7 -17 -7 -16 -7 -16 -7 -15 -8 -14 -9 0 0 0 0 0 0 0 0 0 0 0 0 0 0 0 0 0 0 0 0 0 0 -18 -2 -19 -4 -18 -5 -19 -7 -19 -7 -20 -8 -20 -9 -22 -11 -21 -12 -22 -14 -22 -15 -22 -16 -22 -15 -21 -16 -22 -16 -22 -16 -23 -15 -24 -16 -25 -16 -26 -17 -26 -17 -26 -17 -28 -17 -29 -17 -28 -16 -28 -15 ]

CSI_DATA,AP,46:C6:EE:AC:4F:DC,-32,11,1,2,0,0,1,1,0,0,0,-96,1,6,0,14010823,0,126,0,0,14.2252,256,[126 96 7 0 -23 -17 -23 -16 -23 -16 -23 -15 -22 -15 -21 -14 -21 -13 -20 -12 -20 -11 -20 -10 -20 -9 -20 -9 -20 -8 -20 -8 -19 -9 -18 -9 -17 -9 -17 -9 -15 -9 -15 -9 -14 -9 -14 -9 -13 -9 -13 -10 -11 -11 0 0 0 0 0 0 0 0 0 0 0 0 0 0 0 0 0 0 0 0 0 0 -16 -6 -16 -8 -15 -9 -15 -10 -15 -11 -17 -12 -16 -12 -17 -14 -17 -15 -16 -16 -17 -18 -16 -18 -16 -18 -16 -18 -16 -18 -16 -18 -17 -19 -18 -19 -19 -19 -20 -19 -20 -20 -20 -20 -22 -21 -22 -20 -21 -19 -21 -19 ]

CSI_DATA,AP,46:C6:EE:AC:4F:DC,-32,11,1,2,0,0,1,1,0,0,0,-96,1,6,0,14017737,0,126,0,0,14.2335,256,[126 96 7 0 18 25 18 23 19 24 18 22 18 21 18 20 18 19 17 18 17 17 16 16 17 15 16 15 17 14 17 15 16 14 16 15 14 14 14 14 12 13 12 14 11 13 10 14 9 13 8 14 7 14 0 0 0 0 0 0 0 0 0 0 0 0 0 0 0 0 0 0 0 0 0 0 14 10 13 12 12 13 12 14 12 15 13 17 12 17 13 19 12 20 11 22 10 24 10 24 10 23 9 24 10 24 10 24 11 24 12 25 13 25 14 26 15 26 15 26 16 29 15 28 15 27 15 26 ]

CSI_DATA,AP,46:C6:EE:AC:4F:DC,-30,11,1,1,0,0,1,1,0,0,0,-96,1,6,0,14024871,0,126,0,0,14.2407,256,[126 96 7 0 9 28 10 27 10 27 10 24 10 25 9 23 10 22 9 21 10 20 10 20 11 18 11 17 11 18 11 17 11 18 10 17 8 17 7 16 7 16 7 16 6 15 6 15 5 14 4 15 3 15 0 0 0 0 0 0 0 0 0 0 0 0 0 0 0 0 0 0 0 0 0 0 9 13 8 15 7 15 6 16 6 17 6 18 5 19 5 21 5 22 4 22 3 23 2 25 2 23 2 23 2 23 2 25 3 24 4 25 4 26 5 28 5 28 5 28 5 29 5 28 7 29 7 28 ]

CSI_DATA,AP,46:C6:EE:AC:4F:DC,-30,11,1,1,0,0,1,1,0,0,0,-96,1,6,0,14028198,0,126,0,0,14.2475,256,[126 96 7 0 -22 21 -21 20 -20 21 -19 20 -19 20 -17 19 -16 19 -15 19 -14 19 -14 19 -12 18 -12 18 -12 18 -12 18 -12 18 -12 17 -12 16 -12 15 -12 14 -12 14 -11 12 -11 12 -11 10 -12 11 -13 9 0 0 0 0 0 0 0 0 0 0 0 0 0 0 0 0 0 0 0 0 0 0 -8 14 -11 14 -11 13 -13 13 -13 13 -14 14 -15 13 -17 14 -18 14 -19 13 -20 13 -22 13 -21 12 -21 12 -21 12 -22 14 -21 14 -21 14 -22 16 -24 17 -24 17 -24 18 -24 18 -24 18 -24 19 -23 19 ]

CSI_DATA,AP,46:C6:EE:AC:4F:DC,-32,11,1,1,0,0,1,1,0,0,0,-96,1,6,0,14038369,0,126,0,0,14.2553,256,[126 96 7 0 -28 -11 -26 -10 -27 -10 -25 -9 -25 -8 -24 -7 -23 -7 -22 -6 -22 -5 -22 -5 -21 -4 -20 -3 -21 -3 -20 -3 -20 -3 -20 -4 -19 -4 -18 -4 -17 -4 -16 -4 -15 -5 -15 -5 -14 -5 -14 -6 -14 -7 0 0 0 0 0 0 0 0 0 0 0 0 0 0 0 0 0 0 0 0 0 0 -16 -3 -17 -4 -16 -5 -17 -6 -17 -7 -18 -8 -18 -8 -19 -10 -19 -10 -19 -12 -19 -14 -20 -15 -19 -14 -18 -14 -19 -13 -21 -14 -20 -13 -21 -13 -22 -13 -24 -14 -24 -14 -25 -14 -25 -15 -25 -14 -26 -14 -25 -13 ]

CSI_DATA,AP,46:C6:EE:AC:4F:DC,-33,11,1,0,0,0,1,1,0,0,0,-96,1,6,0,14044933,0,126,0,0,14.2634,256,[126 96 7 0 -31 -4 -30 -3 -30 -2 -27 -2 -27 -2 -26 -1 -25 -1 -24 -1 -23 1 -23 2 -22 2 -21 2 -22 3 -21 2 -21 2 -21 1 -20 1 -19 0 -18 -1 -18 -1 -17 -2 -16 -1 -15 -2 -16 -2 -16 -4 0 0 0 0 0 0 0 0 0 0 0 0 0 0 0 0 0 0 0 0 0 0 -17 3 -18 2 -18 0 -19 -1 -18 -1 -20 -2 -20 -2 -22 -4 -23 -5 -23 -5 -24 -6 -25 -7 -23 -7 -23 -8 -23 -8 -26 -8 -25 -7 -25 -7 -26 -7 -28 -7 -28 -7 -29 -8 -29 -7 -29 -6 -30 -6 -29 -5 ]

CSI_DATA,AP,46:C6:EE:AC:4F:DC,-33,11,1,0,0,0,1,1,0,0,0,-96,1,6,0,14047248,0,126,0,0,14.271,256,[126 96 7 0 -20 -22 -20 -21 -20 -22 -19 -19 -19 -20 -18 -18 -18 -17 -17 -16 -18 -16 -18 -15 -18 -14 -18 -13 -18 -13 -17 -12 -17 -12 -16 -13 -15 -12 -14 -13 -14 -12 -13 -12 -12 -12 -12 -12 -11 -11 -11 -12 -9 -12 0 0 0 0 0 0 0 0 0 0 0 0 0 0 0 0 0 0 0 0 0 0 -14 -10 -13 -12 -12 -13 -13 -14 -12 -14 -12 -16 -12 -16 -13 -18 -12 -19 -11 -19 -12 -22 -11 -23 -10 -22 -10 -22 -11 -21 -12 -24 -12 -22 -12 -22 -14 -23 -15 -25 -15 -24 -16 -25 -16 -25 -16 -25 -17 -25 -17 -24 ]

CSI_DATA,AP,46:C6:EE:AC:4F:DC,-33,11,1,0,0,0,1,1,0,0,0,-96,1,6,0,14048517,0,126,0,0,14.2794,256,[126 96 7 0 23 -11 22 -10 22 -11 20 -10 21 -11 19 -10 18 -10 17 -11 17 -11 16 -11 15 -11 14 -11 14 -11 14 -11 15 -11 14 -10 14 -10 14 -9 13 -8 13 -7 12 -7 12 -6 11 -6 13 -5 13 -4 0 0 0 0 0 0 0 0 0 0 0 0 0 0 0 0 0 0 0 0 0 0 11 -10 12 -9 12 -8 13 -8 14 -7 15 -8 15 -7 17 -7 18 -6 18 -6 20 -5 21 -4 20 -4 20 -4 20 -4 21 -5 21 -5 21 -5 22 -6 24 -6 23 -7 24 -7 24 -7 24 -7 24 -8 24 -9 ]

CSI_DATA,AP,46:C6:EE:AC:4F:DC,-33,11,1,0,0,0,1,1,0,0,0,-96,2,6,0,14532801,0,129,0,0,14.7048,256,[-127 -112 7 0 -28 4 -26 5 -27 5 -24 5 -25 5 -23 5 -22 6 -20 6 -20 6 -20 7 -19 7 -18 7 -18 7 -18 8 -18 8 -18 6 -17 6 -17 5 -16 5 -16 4 -14 4 -15 3 -13 3 -15 2 -15 1 0 0 0 0 0 0 0 0 0 0 0 0 0 0 0 0 0 0 0 0 0 0 -15 6 -16 5 -17 4 -18 3 -18 3 -19 3 -19 2 -21 1 -22 1 -22 -1 -23 -2 -24 -2 -23 -2 -23 -3 -22 -2 -25 -2 -24 -1 -24 -1 -25 0 -27 0 -27 0 -27 1 -28 0 -27 0 -28 1 -27 2 ]

CSI_DATA,AP,46:C6:EE:AC:4F:DC,-33,11,1,0,0,0,1,1,0,0,0,-96,1,6,0,14544977,0,129,0,0,14.7166,256,[-127 -112 7 0 18 -17 17 -17 17 -18 15 -16 15 -16 14 -16 13 -16 12 -15 12 -16 10 -17 9 -16 9 -16 8 -16 9 -16 9 -16 9 -15 9 -14 9 -14 9 -13 9 -13 8 -12 8 -11 7 -10 9 -11 10 -9 0 0 0 0 0 0 0 0 0 0 0 0 0 0 0 0 0 0 0 0 0 0 8 -14 10 -13 11 -12 12 -12 13 -12 14 -12 15 -11 16 -12 17 -11 18 -11 19 -11 20 -10 19 -10 19 -9 18 -10 21 -11 19 -10 19 -11 19 -12 21 -13 21 -13 21 -13 21 -14 21 -14 21 -15 19 -15 ]

CSI_DATA,AP,46:C6:EE:AC:4F:DC,-33,11,1,0,0,0,1,1,0,0,0,-96,1,6,0,14545284,0,114,0,0,14.7246,256,[114 -96 6 0 0 -25 0 -24 0 -25 -1 -23 -1 -23 -2 -21 -2 -21 -2 -20 -3 -19 -3 -20 -5 -18 -5 -17 -5 -18 -5 -17 -4 -18 -4 -17 -3 -17 -3 -16 -2 -16 -2 -15 -2 -14 -2 -14 -2 -13 -1 -14 1 -14 0 0 0 0 0 0 0 0 0 0 0 0 0 0 0 0 0 0 0 0 0 0 -4 -16 -2 -17 -1 -17 0 -18 0 -17 1 -19 2 -19 3 -20 4 -21 5 -20 6 -21 7 -22 7 -20 7 -20 6 -20 6 -22 6 -22 5 -22 5 -23 6 -25 5 -24 5 -24 5 -24 5 -25 4 -25 3 -25 ]

CSI_DATA,AP,46:C6:EE:AC:4F:DC,-31,11,1,0,0,0,1,1,0,0,0,-96,1,6,0,14760540,0,130,0,0,14.9323,256,[-126 -96 7 0 -27 -1 -26 0 -26 0 -24 0 -25 1 -23 1 -22 2 -21 2 -21 3 -21 4 -19 4 -19 4 -19 5 -19 5 -19 5 -18 4 -18 3 -17 3 -17 3 -17 2 -16 2 -15 1 -14 0 -16 0 -15 -1 0 0 0 0 0 0 0 0 0 0 0 0 0 0 0 0 0 0 0 0 0 0 -17 4 -18 2 -18 1 -19 0 -18 -1 -20 -1 -20 -2 -21 -3 -22 -4 -22 -5 -22 -7 -24 -8 -22 -7 -22 -7 -22 -6 -24 -7 -23 -6 -23 -6 -24 -5 -27 -5 -26 -5 -26 -5 -26 -5 -26 -5 -27 -5 -26 -3 ]

CSI_DATA,AP,46:C6:EE:AC:4F:DC,-33,11,1,0,0,0,1,1,0,0,0,-96,1,6,0,14760852,0,110,0,0,14.9403,256,[110 96 6 0 -16 21 -15 21 -14 22 -13 19 -13 21 -11 19 -11 19 -10 19 -10 19 -9 19 -8 18 -7 18 -6 18 -6 18 -7 18 -7 17 -7 17 -7 16 -8 15 -8 15 -7 13 -7 13 -7 12 -9 13 -10 11 0 0 0 0 0 0 0 0 0 0 0 0 0 0 0 0 0 0 0 0 0 0 -7 15 -9 15 -10 14 -11 15 -12 14 -13 15 -14 15 -15 15 -16 15 -17 14 -18 14 -20 15 -19 14 -19 13 -18 13 -20 15 -18 15 -18 15 -18 16 -20 18 -20 18 -20 18 -20 18 -19 18 -20 19 -18 20 ]

CSI_DATA,AP,46:C6:EE:AC:4F:DC,-34,11,1,1,0,0,1,1,0,0,0,-96,1,6,0,14945922,0,130,0,0,15.1176,256,[-126 -96 7 0 -25 6 -23 6 -23 7 -21 6 -22 7 -20 6 -19 7 -18 7 -18 7 -18 8 -17 8 -16 8 -16 8 -16 9 -16 9 -16 8 -16 7 -15 6 -15 6 -15 6 -14 4 -14 5 -13 4 -14 3 -15 2 0 0 0 0 0 0 0 0 0 0 0 0 0 0 0 0 0 0 0 0 0 0 -13 7 -14 6 -15 5 -16 4 -16 4 -17 4 -18 3 -19 3 -20 2 -20 1 -21 0 -22 -1 -21 -1 -20 -1 -20 0 -22 0 -21 0 -22 1 -22 2 -25 2 -24 2 -24 2 -25 2 -25 2 -25 3 -24 4 ]

CSI_DATA,AP,46:C6:EE:AC:4F:DC,-31,11,1,1,0,0,1,1,0,0,0,-96,2,6,0,15240941,0,219,0,0,15.4128,256,[-37 48 13 0 -19 19 -18 18 -17 19 -16 17 -16 18 -14 17 -13 17 -13 17 -12 17 -11 17 -10 16 -10 16 -9 16 -9 17 -10 16 -10 15 -10 15 -10 14 -10 13 -10 13 -9 12 -10 11 -9 10 -11 11 -12 9 0 0 0 0 0 0 0 0 0 0 0 0 0 0 0 0 0 0 0 0 0 0 -8 14 -9 14 -11 13 -12 13 -12 13 -14 13 -14 13 -16 14 -17 14 -17 12 -19 12 -20 12 -19 11 -19 11 -19 11 -21 13 -19 13 -19 13 -19 14 -21 15 -21 16 -21 16 -22 16 -21 16 -21 17 -20 17 ]

CSI_DATA,AP,46:C6:EE:AC:4F:DC,-33,11,1,1,0,0,1,1,0,0,0,-96,1,6,0,15241367,0,219,0,0,15.421,256,[-37 48 13 0 -26 11 -25 11 -25 12 -22 11 -23 11 -21 11 -20 11 -19 11 -19 13 -18 13 -17 12 -16 12 -16 12 -16 13 -16 13 -16 12 -15 11 -16 10 -16 9 -15 9 -14 7 -15 7 -13 6 -15 7 -15 5 0 0 0 0 0 0 0 0 0 0 0 0 0 0 0 0 0 0 0 0 0 0 -14 11 -15 10 -16 8 -17 8 -17 7 -19 7 -20 6 -22 6 -23 5 -24 5 -24 4 -26 4 -24 3 -24 2 -23 3 -26 4 -24 3 -24 5 -25 5 -27 6 -27 6 -27 6 -29 7 -27 8 -28 7 -26 8 ]

CSI_DATA,AP,46:C6:EE:AC:4F:DC,-33,11,1,1,0,0,1,1,0,0,0,-96,1,6,0,15241653,0,114,0,0,15.4284,256,[114 -96 6 0 -27 5 -25 5 -25 6 -23 6 -24 6 -22 6 -21 7 -20 7 -20 8 -20 8 -18 8 -17 8 -17 9 -17 9 -17 9 -17 7 -17 7 -16 6 -16 6 -16 5 -15 5 -15 4 -14 4 -15 3 -15 1 0 0 0 0 0 0 0 0 0 0 0 0 0 0 0 0 0 0 0 0 0 0 -15 8 -16 6 -17 5 -18 4 -18 4 -19 4 -20 3 -21 2 -22 2 -22 1 -23 -1 -25 -1 -23 -2 -22 -2 -22 -1 -25 -1 -24 -1 -24 0 -24 0 -27 1 -26 1 -26 2 -28 1 -27 1 -28 2 -26 3 ]

CSI_DATA,AP,46:C6:EE:AC:4F:DC,-30,11,1,1,0,0,1,1,0,0,0,-96,1,6,0,15322815,0,124,0,0,15.4944,256,[124 64 7 0 27 10 25 9 27 9 25 8 25 8 23 7 23 6 22 5 22 4 22 3 21 2 20 2 20 2 20 1 20 1 20 3 19 3 18 3 17 3 17 3 15 3 16 4 14 4 15 5 14 6 0 0 0 0 0 0 0 0 0 0 0 0 0 0 0 0 0 0 0 0 0 0 17 1 18 3 18 5 18 6 18 6 19 7 19 9 20 10 21 11 20 12 20 14 21 16 19 14 19 14 19 14 21 15 20 13 21 13 22 13 24 15 24 15 25 14 25 15 25 14 26 14 25 13 ]

CSI_DATA,AP,46:C6:EE:AC:4F:DC,-33,11,1,2,0,0,1,0,0,0,0,-96,0,6,0,15325952,0,94,0,0,15.5018,256,[94 96 5 0 -31 -3 -30 -2 -31 -2 -29 -2 -28 -2 -27 -1 -27 0 -25 0 -25 1 -24 2 -23 3 -23 3 -22 3 -23 4 -23 4 -22 2 -21 3 -21 2 -20 1 -20 1 -19 0 -18 0 -17 -1 -19 -1 -18 -3 0 0 0 0 0 0 0 0 0 0 0 0 0 0 0 0 0 0 0 0 0 0 -20 3 -21 1 -21 -1 -22 -2 -22 -3 -23 -3 -24 -4 -25 -6 -25 -7 -26 -8 -26 -10 -26 -11 -26 -10 -25 -11 -25 -10 -27 -10 -27 -10 -28 -9 -28 -8 -30 -9 -30 -9 -30 -9 -32 -9 -32 -8 -31 -7 -31 -7 ]

CSI_DATA,AP,46:C6:EE:AC:4F:DC,-30,11,1,2,0,0,1,1,0,0,0,-96,1,6,0,15504856,0,130,0,0,15.6765,256,[-126 -96 7 0 8 -26 6 -26 7 -26 6 -24 6 -24 4 -24 4 -23 4 -22 3 -22 2 -21 1 -21 0 -20 0 -20 0 -21 1 -20 1 -20 2 -19 2 -19 2 -17 3 -18 2 -16 3 -16 3 -15 4 -15 6 -14 0 0 0 0 0 0 0 0 0 0 0 0 0 0 0 0 0 0 0 0 0 0 0 -18 2 -18 3 -18 5 -18 5 -19 6 -19 7 -19 8 -20 9 -20 11 -21 12 -20 13 -20 13 -20 13 -19 12 -20 12 -21 12 -21 12 -22 11 -22 12 -23 12 -24 12 -24 13 -26 12 -25 11 -25 11 -25 ]

CSI_DATA,AP,46:C6:EE:AC:4F:DC,-31,11,1,2,0,0,1,1,0,0,0,-96,1,6,0,15599309,0,129,0,0,15.7709,256,[-127 -112 7 0 24 13 25 12 25 11 23 11 23 10 23 9 22 9 21 7 21 6 21 5 21 4 21 4 20 4 21 4 21 4 20 5 19 5 19 5 17 5 17 5 16 6 16 5 14 6 15 7 14 8 0 0 0 0 0 0 0 0 0 0 0 0 0 0 0 0 0 0 0 0 0 0 18 3 18 6 17 7 17 8 18 9 19 11 18 11 19 13 19 14 19 15 18 16 18 17 18 17 17 17 17 17 18 17 19 17 20 17 21 17 21 17 22 17 22 17 24 18 24 17 24 17 24 15 ]

CSI_DATA,AP,46:C6:EE:AC:4F:DC,-32,11,1,2,0,0,1,1,0,0,0,-96,1,6,0,15599505,0,114,0,0,15.7782,256,[114 -96 6 0 -9 -27 -10 -27 -9 -26 -10 -25 -10 -24 -10 -23 -11 -22 -10 -21 -10 -20 -11 -19 -12 -19 -13 -18 -13 -18 -13 -18 -12 -18 -12 -17 -10 -17 -9 -18 -9 -16 -9 -16 -9 -16 -8 -15 -7 -15 -6 -16 -5 -17 0 0 0 0 0 0 0 0 0 0 0 0 0 0 0 0 0 0 0 0 0 0 -10 -16 -9 -18 -7 -18 -6 -20 -6 -19 -6 -22 -5 -21 -5 -23 -3 -24 -2 -24 -1 -26 -1 -26 -1 -25 0 -25 -1 -26 -1 -25 -2 -27 -3 -26 -3 -27 -4 -28 -4 -28 -4 -28 -4 -30 -5 -29 -5 -29 -6 -28 ]

CSI_DATA,AP,46:C6:EE:AC:4F:DC,-30,11,1,2,0,0,1,1,0,0,0,-96,1,6,0,15619394,0,129,0,0,15.791,256,[-127 -112 7 0 -19 19 -18 20 -18 20 -17 19 -16 19 -15 19 -14 19 -13 18 -12 18 -11 18 -10 18 -9 18 -9 18 -9 19 -9 18 -9 17 -10 17 -10 16 -10 15 -10 15 -9 14 -10 13 -9 13 -11 12 -12 11 0 0 0 0 0 0 0 0 0 0 0 0 0 0 0 0 0 0 0 0 0 0 -9 15 -11 15 -12 14 -14 14 -14 14 -16 14 -16 14 -18 14 -18 14 -20 13 -21 12 -22 12 -21 11 -21 11 -21 12 -21 12 -22 13 -21 14 -22 15 -22 15 -22 16 -22 16 -23 18 -23 17 -22 17 -21 18 ]

CSI_DATA,AP,46:C6:EE:AC:4F:DC,-31,11,1,2,0,0,1,1,0,0,0,-96,1,6,0,15619596,0,114,0,0,15.7991,256,[114 -96 6 0 27 -7 25 -7 26 -8 24 -8 23 -7 23 -8 22 -8 21 -9 20 -10 18 -10 18 -10 18 -10 17 -10 18 -11 17 -10 18 -9 17 -9 17 -8 16 -7 16 -7 15 -6 15 -6 14 -5 16 -5 15 -3 0 0 0 0 0 0 0 0 0 0 0 0 0 0 0 0 0 0 0 0 0 0 15 -10 16 -8 17 -7 18 -6 19 -5 20 -5 20 -4 22 -4 22 -2 24 -2 24 0 24 0 24 0 23 0 23 0 24 0 24 0 25 -1 25 -2 27 -2 27 -2 27 -3 29 -2 28 -3 28 -4 27 -5 ]

CSI_DATA,AP,46:C6:EE:AC:4F:DC,-31,11,1,3,0,0,1,1,0,0,0,-96,1,6,0,15662137,0,119,0,0,15.8337,256,[119 -16 6 0 -13 25 -12 24 -13 24 -11 22 -10 22 -10 22 -9 22 -9 21 -7 21 -7 21 -6 20 -6 19 -6 19 -6 20 -6 20 -6 19 -6 17 -7 18 -7 17 -7 17 -6 16 -6 16 -6 15 -7 15 -8 14 0 0 0 0 0 0 0 0 0 0 0 0 0 0 0 0 0 0 0 0 0 0 -3 18 -4 18 -5 18 -6 19 -7 19 -7 20 -9 19 -10 20 -10 20 -11 21 -12 21 -13 21 -12 20 -13 21 -13 21 -13 21 -14 22 -14 22 -13 22 -14 23 -13 23 -14 24 -14 26 -13 26 -14 26 -13 26 ]

CSI_DATA,AP,46:C6:EE:AC:4F:DC,-31,11,1,3,0,0,1,1,0,0,0,-96,1,6,0,15677897,0,119,0,0,15.8495,256,[119 -16 6 0 -14 24 -13 23 -13 24 -11 21 -11 21 -10 20 -9 21 -9 20 -8 21 -8 20 -7 19 -6 19 -6 18 -7 20 -6 19 -7 18 -6 17 -7 17 -7 16 -7 16 -6 15 -7 16 -7 14 -7 15 -8 13 0 0 0 0 0 0 0 0 0 0 0 0 0 0 0 0 0 0 0 0 0 0 -4 17 -5 17 -6 17 -7 18 -8 19 -8 19 -9 18 -10 19 -11 19 -12 20 -12 20 -14 20 -13 20 -14 20 -13 20 -15 20 -14 20 -15 21 -13 20 -14 22 -14 22 -14 22 -15 25 -14 24 -14 25 -14 25 ]

CSI_DATA,AP,46:C6:EE:AC:4F:DC,-32,11,1,3,0,0,1,0,0,0,0,-96,0,6,0,16298837,0,94,0,0,16.4706,256,[94 96 5 0 -14 22 -13 21 -12 21 -11 20 -11 19 -10 19 -9 19 -9 18 -8 19 -7 18 -6 18 -6 17 -6 17 -6 18 -6 17 -6 16 -6 16 -7 15 -6 14 -6 15 -6 14 -6 14 -5 13 -6 13 -7 12 0 0 0 0 0 0 0 0 0 0 0 0 0 0 0 0 0 0 0 0 0 0 -4 16 -6 17 -7 16 -8 17 -9 17 -9 18 -10 17 -11 18 -11 18 -12 18 -13 19 -14 20 -13 19 -14 19 -14 18 -15 19 -15 19 -15 19 -14 20 -14 20 -14 20 -14 21 -15 23 -14 23 -14 23 -14 23 ]

CSI_DATA,AP,46:C6:EE:AC:4F:DC,-33,11,1,3,0,0,1,1,0,0,0,-96,1,6,0,16328585,0,129,0,0,16.5,256,[-127 -112 7 0 20 20 21 20 20 19 19 17 19 16 18 15 19 14 18 14 18 12 18 12 18 11 17 11 18 11 17 11 17 11 16 11 16 10 15 10 15 10 14 10 14 10 13 10 13 10 13 10 12 10 0 0 0 0 0 0 0 0 0 0 0 0 0 0 0 0 0 0 0 0 0 0 17 8 17 10 16 10 17 12 17 13 18 15 16 15 17 16 17 16 17 17 17 19 17 19 17 19 16 19 17 20 16 20 17 21 17 20 18 20 18 21 19 21 20 20 21 21 21 22 22 21 21 21 ]

CSI_DATA,AP,46:C6:EE:AC:4F:DC,-37,11,1,4,0,0,1,0,0,0,0,-96,0,6,0,16333952,0,94,0,0,16.5076,256,[94 96 5 0 -23 0 -23 0 -22 1 -22 2 -22 2 -20 3 -21 3 -20 4 -19 4 -19 5 -19 5 -18 5 -18 5 -18 6 -18 6 -18 5 -18 5 -18 5 -17 5 -17 4 -16 3 -16 2 -16 2 -16 2 -16 1 0 0 0 0 0 0 0 0 0 0 0 0 0 0 0 0 0 0 0 0 0 0 -19 3 -20 2 -20 1 -21 0 -21 0 -22 -2 -23 -2 -23 -3 -23 -4 -23 -5 -24 -5 -24 -6 -23 -6 -23 -7 -23 -7 -24 -6 -23 -6 -23 -6 -23 -5 -23 -5 -24 -4 -24 -4 -24 -3 -24 -3 -24 -2 -24 -1 ]

CSI_DATA,AP,46:C6:EE:AC:4F:DC,-37,11,1,4,0,0,1,1,0,0,0,-96,1,6,0,16349916,0,129,0,0,16.5214,256,[-127 -112 7 0 -24 -2 -24 -2 -22 -1 -23 -1 -22 0 -21 1 -20 2 -20 3 -20 3 -20 4 -20 4 -19 4 -20 4 -18 5 -19 4 -18 4 -18 4 -18 3 -18 3 -18 3 -16 2 -17 1 -16 1 -17 1 -16 0 0 0 0 0 0 0 0 0 0 0 0 0 0 0 0 0 0 0 0 0 0 0 -19 2 -21 0 -20 -1 -22 -2 -21 -3 -22 -3 -23 -5 -24 -5 -23 -7 -23 -7 -23 -8 -23 -8 -23 -8 -23 -9 -24 -9 -23 -9 -24 -9 -23 -8 -23 -8 -23 -7 -24 -7 -25 -6 -24 -5 -24 -5 -25 -5 -24 -3 ]

CSI_DATA,AP,46:C6:EE:AC:4F:DC,-39,11,1,4,0,0,1,1,0,0,0,-96,1,6,0,16401809,0,114,0,0,16.5734,256,[114 -96 6 0 -26 -4 -25 -3 -25 -2 -25 -2 -24 -2 -22 0 -22 0 -23 1 -22 1 -22 2 -22 2 -21 2 -20 3 -21 3 -20 3 -20 2 -19 3 -20 2 -19 1 -19 2 -17 1 -17 0 -17 0 -17 -1 -17 -2 0 0 0 0 0 0 0 0 0 0 0 0 0 0 0 0 0 0 0 0 0 0 -19 0 -20 -1 -21 -2 -21 -3 -21 -4 -22 -5 -23 -6 -24 -7 -23 -7 -23 -7 -23 -9 -23 -9 -23 -9 -23 -10 -24 -10 -24 -10 -24 -10 -24 -9 -24 -9 -25 -8 -26 -8 -25 -8 -26 -6 -26 -6 -26 -6 -27 -5 ]

CSI_DATA,AP,46:C6:EE:AC:4F:DC,-39,11,1,4,0,0,1,1,0,0,0,-96,1,6,0,16466552,0,122,0,0,16.6381,256,[122 32 7 0 20 8 20 8 20 8 20 7 19 7 19 5 19 5 18 4 19 4 18 3 18 3 17 3 17 2 18 2 17 2 17 3 17 3 16 2 16 3 15 3 14 4 14 4 13 4 13 5 12 6 0 0 0 0 0 0 0 0 0 0 0 0 0 0 0 0 0 0 0 0 0 0 16 2 16 4 16 4 16 5 17 6 17 7 18 8 19 9 18 10 18 10 18 11 17 12 18 12 17 12 18 12 18 12 18 12 18 12 18 11 19 11 19 11 20 10 20 11 21 10 20 10 21 9 ]

CSI_DATA,AP,46:C6:EE:AC:4F:DC,-39,11,1,4,0,0,1,1,0,0,0,-96,1,6,0,16477067,0,122,0,0,16.6486,256,[122 32 7 0 -16 19 -15 20 -14 21 -13 19 -12 19 -12 19 -11 18 -11 19 -9 18 -9 19 -9 19 -8 18 -8 18 -8 18 -8 18 -7 17 -8 17 -8 17 -9 16 -9 16 -8 14 -8 14 -9 13 -10 13 -10 12 0 0 0 0 0 0 0 0 0 0 0 0 0 0 0 0 0 0 0 0 0 0 -7 17 -9 16 -10 16 -11 16 -12 16 -13 17 -14 18 -15 17 -15 17 -17 17 -17 16 -17 16 -19 16 -18 15 -19 16 -19 17 -19 16 -18 17 -17 16 -17 17 -18 18 -17 19 -18 20 -17 20 -17 19 -15 20 ]

CSI_DATA,AP,46:C6:EE:AC:4F:DC,-39,11,1,5,0,0,1,1,0,0,0,-96,1,6,0,16485010,0,114,0,0,16.6565,256,[114 -96 6 0 -22 18 -22 19 -20 18 -20 18 -19 18 -17 18 -17 18 -16 19 -15 18 -15 19 -14 19 -14 18 -14 19 -13 18 -14 19 -13 17 -14 17 -14 17 -14 16 -13 15 -13 14 -13 13 -13 13 -14 13 -15 12 0 0 0 0 0 0 0 0 0 0 0 0 0 0 0 0 0 0 0 0 0 0 -13 15 -15 16 -15 14 -17 15 -17 14 -19 15 -20 14 -21 14 -22 14 -22 13 -23 13 -24 13 -24 12 -24 12 -26 13 -25 12 -25 13 -24 13 -25 14 -24 14 -24 15 -25 16 -24 16 -24 17 -24 17 -23 18 ]

CSI_DATA,AP,14:85:7F:81:BF:55,-77,11,0,0,0,0,0,0,0,0,0,-96,0,6,0,16850804,0,222,0,0,17.0227,128,[-34 -32 13 0 -11 -35 3 -31 -9 -36 -11 -31 -10 -27 -8 -26 -15 -19 -16 -21 -16 -17 -16 -14 -18 -11 -17 -10 -18 -10 -16 -7 -17 -3 -14 -1 -14 3 -14 3 -13 3 -18 3 -19 4 -17 2 -18 3 -16 6 -15 0 0 0 0 0 0 0 0 0 0 0 0 0 0 0 0 0 0 0 0 0 0 0 -8 -3 -6 -4 -7 0 -7 -5 -10 -2 -9 -7 -8 -5 -9 -7 -6 -10 -10 -8 -13 -10 -13 -19 -15 -13 -13 -15 -14 -16 -17 -20 -18 -19 -18 -17 -18 -19 -17 -23 -23 -25 -24 -29 -20 -32 -21 -30 -23 -36 -22 -40 ]

CSI_DATA,AP,46:C6:EE:AC:4F:DC,-35,11,1,5,0,0,1,0,0,0,0,-96,0,6,0,17061892,0,94,0,0,17.2335,256,[94 96 5 0 -7 22 -6 21 -6 22 -5 20 -3 21 -3 19 -3 19 -2 19 -1 19 -2 19 -1 19 0 19 0 18 -1 18 -1 17 -1 18 -1 16 -1 16 -1 16 -2 15 -2 15 -2 15 -2 14 -4 14 -4 13 0 0 0 0 0 0 0 0 0 0 0 0 0 0 0 0 0 0 0 0 0 0 -2 16 -3 16 -4 17 -5 17 -5 17 -6 18 -7 19 -7 19 -8 19 -9 19 -10 19 -11 20 -11 19 -11 19 -12 20 -12 19 -11 19 -11 20 -10 20 -9 20 -9 21 -9 21 -9 22 -9 22 -8 22 -8 22 ]

CSI_DATA,AP,46:C6:EE:AC:4F:DC,-36,11,1,5,0,0,1,1,0,0,0,-96,1,6,0,17074587,0,116,0,0,17.246,256,[116 -64 6 0 11 -24 10 -23 10 -23 9 -23 8 -23 7 -22 7 -22 6 -22 5 -22 5 -22 5 -21 4 -20 4 -20 4 -21 4 -20 4 -20 4 -19 5 -19 5 -18 5 -17 4 -16 5 -17 5 -16 6 -15 7 -14 0 0 0 0 0 0 0 0 0 0 0 0 0 0 0 0 0 0 0 0 0 0 3 -19 5 -18 6 -19 7 -19 8 -19 9 -20 10 -20 11 -21 12 -20 13 -20 14 -20 14 -20 15 -20 15 -20 15 -20 15 -21 15 -21 15 -21 14 -21 14 -21 14 -23 14 -23 14 -24 13 -23 13 -24 12 -24 ]

CSI_DATA,AP,46:C6:EE:AC:4F:DC,-38,11,1,5,0,0,1,1,0,0,0,-96,1,6,0,17086067,0,116,0,0,17.2576,256,[116 -64 6 0 -12 -24 -12 -24 -12 -22 -12 -22 -13 -21 -13 -20 -13 -20 -13 -19 -14 -18 -14 -17 -15 -18 -14 -17 -15 -17 -13 -16 -13 -17 -13 -15 -12 -16 -12 -15 -11 -15 -11 -15 -10 -15 -10 -15 -9 -14 -8 -14 -7 -14 0 0 0 0 0 0 0 0 0 0 0 0 0 0 0 0 0 0 0 0 0 0 -12 -15 -12 -17 -11 -18 -11 -19 -10 -19 -9 -21 -10 -22 -9 -23 -8 -23 -8 -23 -7 -25 -7 -25 -6 -25 -6 -26 -7 -26 -6 -26 -7 -26 -7 -26 -7 -26 -8 -25 -8 -26 -9 -27 -9 -26 -10 -26 -10 -26 -11 -26 ]

CSI_DATA,AP,46:C6:EE:AC:4F:DC,-36,11,1,5,0,0,1,1,0,0,0,-96,1,6,0,17106836,0,121,0,0,17.2783,256,[121 16 7 0 2 23 2 23 3 22 4 22 4 22 5 20 5 20 5 19 5 19 6 18 6 18 6 17 7 17 6 17 6 17 6 17 5 16 5 16 5 15 4 15 5 15 4 15 3 14 3 14 1 14 0 0 0 0 0 0 0 0 0 0 0 0 0 0 0 0 0 0 0 0 0 0 4 16 3 17 2 17 2 19 1 19 1 20 0 21 -1 21 -1 22 -2 22 -3 22 -4 23 -4 23 -4 22 -4 23 -4 23 -4 23 -3 23 -3 23 -2 23 -2 24 -1 24 -1 25 -1 24 0 24 0 24 ]

CSI_DATA,AP,46:C6:EE:AC:4F:DC,-36,11,1,6,0,0,1,1,0,0,0,-96,1,6,0,17117944,0,121,0,0,17.2895,256,[121 16 7 0 -21 -11 -21 -10 -20 -10 -21 -9 -20 -8 -20 -7 -20 -7 -19 -6 -19 -6 -19 -5 -19 -5 -19 -5 -18 -4 -18 -4 -18 -4 -17 -4 -17 -4 -17 -5 -16 -5 -16 -5 -15 -6 -15 -6 -15 -6 -14 -6 -13 -6 0 0 0 0 0 0 0 0 0 0 0 0 0 0 0 0 0 0 0 0 0 0 -17 -4 -18 -5 -17 -6 -18 -7 -18 -8 -18 -9 -19 -10 -19 -11 -19 -11 -19 -12 -19 -13 -19 -14 -18 -14 -18 -14 -19 -15 -19 -14 -19 -14 -19 -14 -19 -14 -19 -14 -20 -14 -21 -13 -20 -13 -21 -13 -21 -12 -21 -12 ]

CSI_DATA,AP,46:C6:EE:AC:4F:DC,-36,11,1,6,0,0,1,1,0,0,0,-96,1,6,0,17347531,0,124,0,0,17.5191,256,[124 64 7 0 15 -20 14 -19 14 -20 13 -19 12 -20 11 -19 10 -19 9 -20 9 -20 9 -20 8 -20 7 -19 7 -18 8 -19 8 -18 8 -18 8 -17 8 -18 9 -17 8 -16 8 -15 8 -15 8 -14 9 -14 10 -13 0 0 0 0 0 0 0 0 0 0 0 0 0 0 0 0 0 0 0 0 0 0 7 -17 8 -17 10 -17 11 -17 12 -17 12 -17 14 -17 15 -17 15 -17 16 -17 17 -17 18 -17 18 -16 18 -16 18 -16 19 -17 18 -16 18 -17 18 -17 17 -17 17 -18 17 -18 18 -19 17 -19 17 -19 16 -20 ]

CSI_DATA,AP,46:C6:EE:AC:4F:DC,-36,11,1,6,0,0,1,0,0,0,0,-96,0,6,0,17348475,0,94,0,0,17.5272,256,[94 96 5 0 -24 8 -23 9 -23 10 -22 9 -22 9 -20 10 -20 10 -19 11 -19 11 -18 12 -18 12 -17 11 -17 11 -17 12 -17 12 -17 11 -16 10 -17 10 -17 9 -16 9 -15 8 -16 8 -15 8 -16 7 -16 6 0 0 0 0 0 0 0 0 0 0 0 0 0 0 0 0 0 0 0 0 0 0 -16 9 -18 8 -19 8 -19 7 -20 7 -21 6 -22 6 -23 5 -23 5 -24 4 -24 3 -25 3 -25 2 -25 2 -25 2 -25 3 -25 3 -25 3 -25 3 -25 4 -25 4 -25 5 -26 5 -26 6 -25 7 -24 7 ]

CSI_DATA,AP,46:C6:EE:AC:4F:DC,-35,11,1,6,0,0,1,1,0,0,0,-96,1,6,0,17405145,0,114,0,0,17.5768,256,[114 -96 6 0 18 -12 17 -11 18 -12 17 -12 16 -12 14 -12 14 -13 13 -13 14 -13 13 -14 12 -13 12 -13 12 -13 12 -14 12 -13 12 -13 12 -12 12 -12 12 -12 11 -11 10 -10 11 -10 11 -9 12 -9 12 -7 0 0 0 0 0 0 0 0 0 0 0 0 0 0 0 0 0 0 0 0 0 0 12 -11 13 -10 14 -10 15 -9 15 -9 16 -9 17 -8 18 -8 18 -8 19 -7 20 -7 20 -6 20 -6 20 -6 20 -6 20 -7 20 -6 20 -7 20 -7 20 -8 20 -8 20 -9 20 -9 20 -9 20 -10 19 -10 ]

CSI_DATA,AP,46:C6:EE:AC:4F:DC,-35,11,1,6,0,0,1,1,0,0,0,-96,1,6,0,17500933,0,114,0,0,17.6725,256,[114 -96 6 0 -19 9 -19 9 -18 10 -18 9 -17 10 -16 10 -15 10 -15 11 -15 11 -15 12 -14 11 -13 11 -13 11 -13 12 -13 12 -13 11 -13 11 -14 10 -13 10 -13 9 -12 8 -13 8 -12 8 -13 7 -13 6 0 0 0 0 0 0 0 0 0 0 0 0 0 0 0 0 0 0 0 0 0 0 -13 10 -15 10 -16 9 -17 8 -17 8 -18 8 -19 7 -20 7 -20 6 -21 6 -21 5 -21 5 -21 4 -21 4 -22 4 -22 4 -22 5 -21 5 -21 5 -21 5 -21 6 -21 6 -21 7 -21 7 -21 8 -20 8 ]

CSI_DATA,AP,14:85:7F:82:8E:F8,-81,11,0,0,0,0,0,0,0,0,0,-96,0,6,0,17629359,0,222,0,0,17.801,128,[-34 -32 13 0 44 2 42 -1 35 8 26 7 22 9 14 9 7 9 3 9 1 6 1 6 -7 7 -5 7 -6 7 -8 9 -10 7 -7 10 -9 5 -8 5 -4 9 -6 6 -7 5 -8 7 -2 3 -4 -1 -1 -5 0 0 0 0 0 0 0 0 0 0 0 0 0 0 0 0 0 0 0 0 0 0 -16 8 -15 5 -17 7 -19 8 -10 9 -12 10 -15 12 -13 14 -9 4 -8 7 -5 7 -1 8 3 13 8 4 12 3 22 4 26 4 29 2 31 -2 38 -1 42 -3 41 -3 46 -4 46 -2 49 -1 47 -3 ]

CSI_DATA,AP,46:C6:EE:AC:4F:DC,-39,11,1,7,0,0,1,1,0,0,1,-96,2,6,0,17742152,0,129,0,0,17.9138,256,[-127 -112 7 0 -25 5 -24 6 -25 6 -24 6 -23 7 -22 7 -22 7 -21 8 -21 8 -20 9 -20 9 -19 8 -19 9 -20 9 -19 8 -19 8 -19 8 -19 7 -19 7 -18 6 -17 5 -17 5 -17 4 -17 4 -17 2 0 0 0 0 0 0 0 0 0 0 0 0 0 0 0 0 0 0 0 0 0 0 -18 8 -19 6 -20 6 -21 5 -21 5 -22 3 -23 3 -24 2 -24 3 -24 1 -24 1 -25 0 -25 0 -25 0 -25 0 -26 0 -25 0 -25 1 -24 0 -25 2 -26 1 -26 2 -26 2 -26 3 -26 4 -26 4 ]

CSI_DATA,AP,46:C6:EE:AC:4F:DC,-38,11,1,7,0,0,1,1,0,0,1,-96,1,6,0,17762117,0,129,0,0,17.9336,256,[-127 -112 7 0 -7 -24 -7 -23 -7 -23 -7 -22 -8 -21 -9 -20 -9 -20 -9 -19 -10 -19 -10 -19 -10 -18 -11 -17 -10 -17 -10 -17 -9 -17 -9 -17 -9 -17 -9 -17 -8 -16 -8 -16 -7 -15 -7 -16 -6 -15 -6 -15 -4 -16 0 0 0 0 0 0 0 0 0 0 0 0 0 0 0 0 0 0 0 0 0 0 -7 -18 -6 -18 -5 -19 -5 -19 -4 -19 -4 -21 -4 -21 -2 -22 -2 -23 -1 -23 -1 -23 -1 -24 0 -23 0 -23 0 -24 -1 -24 0 -24 -1 -23 -2 -24 -2 -23 -2 -23 -4 -24 -4 -24 -4 -24 -5 -24 -5 -24 ]

CSI_DATA,AP,46:C6:EE:AC:4F:DC,-40,11,1,7,0,0,1,1,0,0,1,-96,1,6,0,17762528,0,114,0,0,17.9419,256,[114 -96 6 0 23 9 23 9 23 8 22 7 23 7 21 6 22 5 21 5 21 4 21 3 21 3 20 3 20 2 20 2 20 2 20 3 19 3 19 3 18 3 17 4 17 4 17 5 16 5 16 5 15 6 0 0 0 0 0 0 0 0 0 0 0 0 0 0 0 0 0 0 0 0 0 0 19 4 19 5 19 6 19 7 19 8 19 9 20 10 20 11 19 12 20 13 20 13 19 14 19 14 19 14 19 14 20 14 19 14 20 14 20 13 21 13 21 13 22 12 22 12 23 11 23 11 23 10 ]

CSI_DATA,AP,46:C6:EE:AC:4F:DC,-40,11,1,7,0,0,1,1,0,0,1,-96,1,6,0,17797520,0,129,0,0,17.9691,256,[-127 -112 7 0 -17 20 -17 21 -18 20 -17 20 -18 19 -15 20 -15 19 -13 21 -13 19 -11 21 -11 20 -11 18 -11 18 -11 18 -11 19 -11 19 -11 17 -12 18 -12 17 -12 16 -12 15 -11 15 -11 14 -13 14 -13 13 0 0 0 0 0 0 0 0 0 0 0 0 0 0 0 0 0 0 0 0 0 0 -11 18 -12 18 -14 18 -15 18 -15 17 -16 18 -17 17 -19 18 -19 17 -19 15 -21 17 -20 15 -22 15 -20 15 -23 16 -23 16 -22 15 -21 15 -22 17 -21 17 -22 18 -20 18 -22 19 -21 19 -19 19 -18 20 ]

CSI_DATA,AP,46:C6:EE:AC:4F:DC,-40,11,1,7,0,0,1,1,0,0,1,-96,1,6,0,17803040,0,114,0,0,17.9779,256,[114 -96 6 0 22 -16 22 -16 21 -17 20 -16 20 -16 18 -16 17 -17 17 -17 16 -18 16 -18 15 -18 14 -17 14 -17 14 -18 14 -18 14 -16 14 -16 15 -16 15 -15 14 -14 14 -13 14 -13 13 -13 15 -12 15 -11 0 0 0 0 0 0 0 0 0 0 0 0 0 0 0 0 0 0 0 0 0 0 15 -16 16 -15 17 -14 18 -14 19 -13 20 -13 21 -13 22 -12 22 -12 23 -11 24 -11 24 -10 24 -10 24 -10 25 -10 25 -10 24 -10 24 -11 24 -11 24 -12 24 -13 25 -13 24 -14 24 -14 24 -15 23 -15 ]

CSI_DATA,AP,46:C6:EE:AC:4F:DC,-40,11,1,7,0,0,1,1,0,0,1,-96,1,6,0,17818978,0,114,0,0,17.9905,256,[114 -96 6 0 -14 -20 -15 -19 -14 -19 -15 -19 -15 -18 -15 -16 -15 -16 -15 -15 -15 -15 -15 -14 -16 -14 -15 -13 -16 -13 -15 -13 -15 -13 -15 -13 -14 -13 -14 -13 -13 -13 -12 -13 -12 -13 -12 -13 -11 -13 -10 -13 -9 -13 0 0 0 0 0 0 0 0 0 0 0 0 0 0 0 0 0 0 0 0 0 0 -14 -13 -13 -15 -12 -15 -12 -16 -12 -17 -12 -18 -12 -19 -11 -20 -11 -20 -9 -21 -10 -21 -9 -21 -9 -22 -9 -21 -9 -22 -9 -22 -10 -22 -10 -22 -10 -22 -11 -21 -12 -22 -12 -22 -12 -21 -13 -21 -13 -21 -13 -21 ]

CSI_DATA,AP,46:C6:EE:AC:4F:DC,-40,11,1,7,0,0,1,1,0,0,1,-96,1,6,0,17819097,0,129,0,0,17.9993,256,[-127 -112 7 0 18 -19 18 -19 18 -19 17 -19 16 -19 14 -19 14 -19 13 -20 13 -20 12 -20 11 -20 11 -19 10 -19 11 -19 11 -19 10 -18 11 -18 11 -18 11 -17 11 -16 10 -16 11 -15 11 -14 12 -14 12 -13 0 0 0 0 0 0 0 0 0 0 0 0 0 0 0 0 0 0 0 0 0 0 12 -17 13 -17 14 -16 15 -16 16 -15 17 -16 18 -16 19 -15 20 -15 20 -14 21 -14 21 -13 22 -13 22 -13 23 -13 22 -14 22 -14 22 -14 21 -15 21 -15 22 -16 21 -17 21 -17 21 -17 20 -18 20 -19 ]

CSI_DATA,AP,46:C6:EE:AC:4F:DC,-41,11,1,7,0,0,1,0,0,0,1,-96,0,6,0,18047711,0,94,0,0,18.2193,256,[94 96 5 0 -17 18 -16 18 -16 19 -15 18 -14 18 -13 18 -13 18 -13 18 -12 19 -10 19 -10 18 -9 18 -9 18 -9 19 -9 18 -9 18 -10 17 -10 17 -10 16 -10 16 -10 15 -10 15 -10 14 -11 14 -12 13 0 0 0 0 0 0 0 0 0 0 0 0 0 0 0 0 0 0 0 0 0 0 -9 16 -11 16 -12 16 -13 16 -14 16 -15 16 -16 16 -18 16 -18 16 -19 15 -20 15 -20 15 -21 14 -20 14 -21 15 -21 15 -21 15 -21 15 -20 15 -20 15 -21 16 -20 16 -20 17 -19 17 -19 18 -19 18 ]

CSI_DATA,AP,46:C6:EE:AC:4F:DC,-42,11,1,7,0,0,1,1,0,0,1,-96,1,6,0,18047850,0,119,0,0,18.2276,256,[119 -16 6 0 -22 11 -22 12 -21 12 -20 12 -19 13 -18 13 -17 13 -18 14 -17 14 -15 15 -15 15 -14 14 -14 14 -15 15 -15 15 -14 14 -14 14 -15 13 -15 13 -14 12 -14 11 -14 11 -14 10 -15 10 -15 9 0 0 0 0 0 0 0 0 0 0 0 0 0 0 0 0 0 0 0 0 0 0 -14 12 -16 12 -16 11 -18 11 -18 10 -19 10 -21 10 -22 9 -22 9 -23 8 -24 8 -24 8 -24 7 -24 7 -25 7 -25 7 -25 7 -24 7 -24 7 -24 8 -24 8 -24 9 -24 10 -24 10 -24 11 -23 11 ]

CSI_DATA,AP,46:C6:EE:AC:4F:DC,-42,11,1,7,0,0,1,1,0,0,1,-96,1,6,0,18069701,0,119,0,0,18.2412,256,[119 -16 6 0 19 -11 19 -11 18 -11 18 -11 17 -12 16 -12 15 -13 15 -13 14 -14 14 -14 14 -14 13 -13 13 -14 13 -14 13 -14 13 -13 13 -13 13 -13 13 -12 13 -12 12 -11 12 -10 12 -9 13 -9 13 -8 0 0 0 0 0 0 0 0 0 0 0 0 0 0 0 0 0 0 0 0 0 0 12 -12 14 -11 13 -11 15 -11 16 -9 17 -10 18 -10 19 -9 19 -8 20 -8 20 -7 21 -7 21 -7 21 -6 22 -7 21 -7 21 -7 21 -7 21 -8 21 -8 22 -9 22 -9 21 -9 21 -9 21 -10 21 -11 ]

CSI_DATA,AP,46:C6:EE:AC:4F:DC,-41,11,1,7,0,0,1,0,0,0,1,-96,0,6,0,18358307,0,94,0,0,18.5299,256,[94 96 5 0 15 20 15 20 15 19 15 19 15 18 15 17 15 16 15 15 15 14 16 14 16 14 16 13 16 13 15 13 16 13 15 13 15 12 15 13 14 13 13 13 12 13 12 13 12 13 11 13 10 13 0 0 0 0 0 0 0 0 0 0 0 0 0 0 0 0 0 0 0 0 0 0 13 12 13 13 12 14 12 15 12 15 12 17 12 18 12 19 11 20 11 20 11 21 10 21 10 22 10 22 10 23 10 23 10 23 11 22 11 22 11 22 12 23 12 23 13 22 14 22 15 22 15 22 ]

CSI_DATA,AP,46:C6:EE:AC:4F:DC,-40,11,1,7,0,0,1,0,0,0,1,-96,0,6,0,19144299,0,94,0,0,19.316,256,[94 96 5 0 -22 19 -21 20 -20 20 -19 20 -19 20 -17 19 -16 19 -16 21 -15 20 -14 21 -13 21 -13 20 -13 20 -13 21 -13 20 -12 20 -13 19 -14 19 -14 18 -13 17 -13 16 -13 16 -13 15 -14 15 -15 14 0 0 0 0 0 0 0 0 0 0 0 0 0 0 0 0 0 0 0 0 0 0 -12 16 -13 16 -14 15 -16 15 -16 15 -18 15 -19 15 -21 15 -21 15 -22 15 -22 15 -23 14 -24 14 -24 14 -25 14 -25 14 -25 15 -24 15 -24 15 -24 15 -24 16 -24 17 -24 18 -23 18 -23 19 -23 20 ]

CSI_DATA,AP,46:C6:EE:AC:4F:DC,-35,11,1,7,0,0,1,1,0,0,1,-96,1,6,0,19302991,0,110,0,0,19.4745,256,[110 96 6 0 12 19 12 18 12 19 13 18 13 17 13 15 14 15 13 14 14 15 14 14 14 14 14 13 13 13 14 12 14 12 14 14 13 13 13 13 12 13 11 13 11 13 10 13 9 13 9 13 8 14 0 0 0 0 0 0 0 0 0 0 0 0 0 0 0 0 0 0 0 0 0 0 12 11 11 12 11 13 10 14 10 15 10 16 10 17 9 18 9 19 8 20 7 20 7 21 7 21 7 21 7 22 7 21 7 21 7 21 8 20 8 21 8 21 10 21 10 22 10 21 10 21 11 20 ]

CSI_DATA,AP,46:C6:EE:AC:4F:DC,-35,11,1,7,0,0,1,1,0,0,1,-96,1,6,0,19352154,0,124,0,0,19.5236,256,[124 64 7 0 6 -22 5 -21 5 -21 4 -21 3 -21 2 -20 2 -20 1 -20 1 -20 1 -20 0 -20 -1 -20 -1 -19 0 -19 -1 -19 0 -19 0 -19 0 -19 1 -18 1 -17 1 -17 2 -17 2 -16 3 -16 4 -15 0 0 0 0 0 0 0 0 0 0 0 0 0 0 0 0 0 0 0 0 0 0 1 -17 2 -17 3 -17 5 -18 5 -18 6 -18 6 -18 8 -19 8 -19 9 -19 10 -19 11 -19 11 -18 11 -19 11 -19 11 -19 11 -20 11 -20 10 -19 9 -20 9 -21 9 -21 9 -21 8 -21 9 -21 8 -21 ]

CSI_DATA,AP,46:C6:EE:AC:4F:DC,-36,11,1,7,0,0,1,0,0,0,1,-96,0,6,0,19357921,0,94,0,0,19.5313,256,[94 96 5 0 -21 -7 -21 -6 -21 -5 -20 -5 -20 -4 -19 -3 -19 -3 -19 -2 -19 -1 -19 0 -19 -1 -19 0 -19 0 -18 0 -18 1 -18 0 -17 0 -18 -1 -17 -1 -17 -1 -16 -2 -16 -2 -15 -2 -16 -3 -15 -3 0 0 0 0 0 0 0 0 0 0 0 0 0 0 0 0 0 0 0 0 0 0 -16 -2 -16 -4 -16 -5 -16 -6 -17 -6 -17 -7 -18 -8 -18 -9 -18 -10 -18 -10 -18 -10 -18 -11 -18 -11 -18 -12 -18 -12 -19 -12 -18 -11 -19 -11 -18 -11 -19 -10 -20 -10 -20 -10 -20 -10 -20 -9 -21 -9 -20 -8 ]

CSI_DATA,AP,46:C6:EE:AC:4F:DC,-36,11,1,7,0,0,1,1,0,0,1,-96,1,6,0,19434866,0,114,0,0,19.6063,256,[114 -96 6 0 4 20 5 20 5 19 5 19 6 18 7 17 7 17 7 16 8 16 8 16 9 16 8 16 9 16 9 15 8 16 8 15 8 15 7 15 7 14 6 14 6 14 6 14 5 14 5 14 3 14 0 0 0 0 0 0 0 0 0 0 0 0 0 0 0 0 0 0 0 0 0 0 7 13 6 15 5 15 4 16 4 16 3 18 2 18 2 19 1 19 1 19 0 20 0 20 -1 20 -1 20 -1 21 -1 20 -1 21 0 21 0 21 0 21 1 21 2 22 2 21 3 21 3 22 4 22 ]

CSI_DATA,AP,46:C6:EE:AC:4F:DC,-36,11,1,7,0,0,1,1,0,0,1,-96,1,6,0,19522496,0,114,0,0,19.6941,256,[114 -96 6 0 20 11 20 10 20 9 20 8 20 8 19 6 20 6 19 5 20 4 20 4 20 3 19 3 19 3 19 3 19 3 19 4 18 3 18 4 17 4 17 4 16 5 16 5 15 5 15 6 14 6 0 0 0 0 0 0 0 0 0 0 0 0 0 0 0 0 0 0 0 0 0 0 17 3 17 5 17 5 18 6 17 8 18 9 19 10 18 11 18 11 18 13 18 13 18 14 17 14 17 15 17 15 18 14 17 14 18 14 18 14 18 13 19 14 19 13 19 14 20 13 20 13 20 12 ]

CSI_DATA,AP,46:C6:EE:AC:4F:DC,-37,11,1,7,0,0,1,0,0,0,1,-96,0,6,0,19943202,0,94,0,0,20.1149,256,[94 96 5 0 -26 -7 -25 -7 -25 -6 -25 -5 -25 -4 -24 -4 -23 -3 -23 -1 -23 -1 -23 0 -23 -1 -22 0 -23 0 -21 0 -21 0 -21 0 -21 0 -21 -1 -20 -1 -20 -1 -19 -2 -19 -2 -18 -3 -18 -3 -18 -4 0 0 0 0 0 0 0 0 0 0 0 0 0 0 0 0 0 0 0 0 0 0 -21 0 -22 -2 -22 -3 -23 -5 -23 -5 -24 -7 -24 -8 -25 -9 -24 -10 -25 -11 -25 -11 -24 -12 -24 -13 -24 -13 -24 -14 -25 -13 -24 -13 -24 -13 -24 -13 -24 -12 -26 -12 -26 -11 -26 -11 -26 -11 -27 -10 -26 -9 ]

CSI_DATA,AP,46:C6:EE:AC:4F:DC,-41,11,1,7,0,0,1,0,0,0,1,-96,0,6,0,20368687,0,94,0,0,20.5402,256,[94 96 5 0 26 0 26 0 25 -1 25 -1 25 -1 23 -2 23 -2 22 -3 22 -4 21 -4 21 -4 20 -4 20 -4 20 -5 20 -4 20 -3 19 -3 19 -3 18 -2 18 -2 17 -1 17 -1 16 -1 16 0 16 1 0 0 0 0 0 0 0 0 0 0 0 0 0 0 0 0 0 0 0 0 0 0 16 -5 18 -4 18 -4 19 -3 19 -3 21 -2 22 -1 22 0 23 1 23 1 24 2 24 2 24 3 24 3 25 4 25 3 25 3 25 3 25 3 25 3 27 3 27 2 27 2 27 1 27 1 27 1 ]

CSI_DATA,AP,46:C6:EE:AC:4F:DC,-36,11,1,7,0,0,1,0,0,0,1,-96,0,6,0,20678834,0,94,0,0,20.8503,256,[94 96 5 0 -10 -20 -11 -20 -11 -19 -11 -19 -12 -18 -12 -17 -12 -16 -12 -15 -13 -15 -13 -15 -14 -15 -13 -14 -13 -14 -13 -14 -13 -14 -12 -14 -12 -14 -12 -14 -11 -14 -11 -13 -10 -14 -10 -14 -9 -14 -9 -13 -8 -14 0 0 0 0 0 0 0 0 0 0 0 0 0 0 0 0 0 0 0 0 0 0 -10 -12 -10 -14 -9 -14 -9 -16 -8 -16 -8 -17 -8 -18 -7 -19 -7 -19 -6 -20 -6 -21 -5 -21 -5 -21 -5 -21 -5 -22 -5 -22 -5 -22 -5 -21 -6 -22 -6 -21 -7 -22 -7 -22 -8 -22 -8 -22 -9 -22 -9 -21 ]

CSI_DATA,AP,46:C6:EE:AC:4F:DC,-38,11,1,7,0,0,1,1,0,0,1,-96,1,6,0,21367884,0,219,0,0,21.5396,256,[-37 48 13 0 -3 -25 -4 -25 -4 -24 -4 -24 -5 -23 -6 -22 -6 -21 -8 -21 -8 -21 -9 -21 -9 -20 -10 -19 -9 -19 -9 -19 -8 -19 -8 -18 -8 -18 -8 -19 -7 -18 -7 -18 -7 -17 -6 -17 -6 -16 -5 -17 -4 -17 0 0 0 0 0 0 0 0 0 0 0 0 0 0 0 0 0 0 0 0 0 0 -6 -19 -5 -21 -4 -21 -3 -22 -2 -22 -2 -23 -1 -24 1 -26 1 -25 2 -25 2 -26 2 -26 3 -26 4 -25 4 -27 4 -26 3 -27 3 -26 2 -26 3 -26 2 -26 2 -26 1 -27 0 -26 -1 -26 -1 -26 ]

CSI_DATA,AP,46:C6:EE:AC:4F:DC,-38,11,1,7,0,0,1,0,0,0,1,-96,0,6,0,21368410,0,94,0,0,21.5478,256,[94 96 5 0 11 21 12 21 11 20 13 20 12 19 13 17 14 17 13 16 13 15 14 14 15 14 15 13 15 14 14 13 14 14 14 14 13 13 13 13 12 13 12 13 11 12 11 13 10 13 10 12 9 13 0 0 0 0 0 0 0 0 0 0 0 0 0 0 0 0 0 0 0 0 0 0 13 14 12 16 10 17 10 18 10 19 9 20 9 22 8 22 8 23 7 23 7 24 6 25 6 24 5 24 5 25 5 25 5 25 6 24 6 24 7 24 7 24 8 24 8 24 9 24 10 24 10 23 ]

CSI_DATA,AP,46:C6:EE:AC:4F:DC,-38,11,1,7,0,0,1,1,0,0,1,-96,1,6,0,21418835,0,114,0,0,21.5903,256,[114 -96 6 0 -11 19 -10 19 -10 19 -9 19 -8 18 -7 18 -6 18 -6 18 -5 18 -4 18 -4 18 -3 17 -3 18 -3 18 -3 18 -3 17 -3 17 -4 17 -4 16 -4 15 -4 14 -3 14 -4 14 -5 14 -5 14 0 0 0 0 0 0 0 0 0 0 0 0 0 0 0 0 0 0 0 0 0 0 -6 16 -8 16 -8 16 -10 17 -11 16 -11 17 -13 18 -13 17 -13 16 -14 16 -15 17 -16 16 -15 16 -16 16 -17 16 -16 16 -16 17 -16 16 -16 17 -15 17 -15 18 -14 18 -14 18 -13 19 -13 19 -13 19 ]

CSI_DATA,AP,46:C6:EE:AC:4F:DC,-38,11,1,7,0,0,1,1,0,0,1,-96,1,6,0,21440574,0,116,0,0,21.6121,256,[116 -64 6 0 21 3 21 2 20 1 20 2 20 0 19 -1 19 -1 18 -1 18 -2 18 -3 18 -3 17 -3 17 -3 17 -3 17 -3 17 -3 16 -3 17 -3 16 -2 15 -2 15 -1 15 0 15 0 15 0 14 1 0 0 0 0 0 0 0 0 0 0 0 0 0 0 0 0 0 0 0 0 0 0 16 -3 17 -2 17 -1 19 0 19 1 20 2 20 3 21 4 20 5 21 5 21 6 21 7 21 6 20 7 21 8 21 8 20 8 21 7 21 6 21 6 21 7 22 6 22 6 22 5 22 4 22 4 ]

CSI_DATA,AP,46:C6:EE:AC:4F:DC,-38,11,1,7,0,0,1,1,0,0,1,-96,1,6,0,21456782,0,116,0,0,21.6283,256,[116 -64 6 0 13 19 14 18 14 18 14 16 15 15 14 15 14 14 15 13 15 12 15 12 16 12 15 11 15 11 15 11 15 10 15 11 14 11 14 11 13 11 13 10 12 11 12 10 11 11 11 12 10 11 0 0 0 0 0 0 0 0 0 0 0 0 0 0 0 0 0 0 0 0 0 0 14 11 14 13 13 14 13 15 12 15 13 17 12 18 12 19 11 20 10 20 11 21 10 22 9 21 9 22 10 22 10 23 9 22 10 21 10 22 11 21 11 21 12 21 12 22 12 21 13 20 13 20 ]

CSI_DATA,AP,46:C6:EE:AC:4F:DC,-39,11,1,7,0,0,1,1,0,0,1,-96,1,6,0,21501353,0,121,0,0,21.6729,256,[121 16 7 0 -11 -26 -11 -25 -11 -25 -12 -24 -12 -23 -12 -22 -13 -21 -13 -20 -13 -20 -14 -19 -15 -19 -15 -18 -15 -18 -14 -17 -14 -18 -14 -17 -13 -17 -12 -17 -11 -17 -11 -16 -10 -16 -10 -16 -10 -16 -9 -16 -8 -16 0 0 0 0 0 0 0 0 0 0 0 0 0 0 0 0 0 0 0 0 0 0 -11 -16 -11 -18 -10 -19 -10 -20 -9 -20 -9 -22 -8 -23 -8 -24 -7 -24 -6 -25 -6 -26 -6 -26 -5 -27 -5 -27 -5 -27 -5 -27 -5 -28 -5 -27 -6 -27 -6 -27 -6 -28 -7 -28 -8 -28 -9 -28 -9 -27 -9 -27 ]

CSI_DATA,AP,46:C6:EE:AC:4F:DC,-39,11,1,7,0,0,1,1,0,0,1,-96,1,6,0,21515067,0,121,0,0,21.6866,256,[121 16 7 0 0 -25 -1 -25 -2 -25 -2 -24 -3 -24 -4 -23 -5 -22 -5 -21 -6 -21 -6 -21 -7 -21 -8 -20 -8 -20 -6 -20 -7 -20 -7 -20 -6 -19 -6 -19 -5 -18 -5 -18 -5 -17 -5 -18 -4 -17 -4 -17 -2 -17 0 0 0 0 0 0 0 0 0 0 0 0 0 0 0 0 0 0 0 0 0 0 -5 -19 -4 -21 -2 -21 -2 -23 -1 -22 0 -23 1 -24 2 -25 3 -24 4 -25 5 -26 6 -26 5 -25 6 -25 6 -26 6 -26 5 -26 5 -26 5 -26 4 -25 5 -26 3 -26 3 -26 2 -26 2 -27 1 -27 ]

CSI_DATA,AP,14:85:7F:82:8E:F8,-81,11,0,0,0,0,0,0,0,0,0,-96,0,6,0,21627024,0,222,0,0,21.799,128,[-34 -32 13 0 -2 37 1 36 4 27 -4 19 -2 16 -5 10 -4 -1 2 -2 -6 -7 -1 -13 -3 -12 -5 -13 -7 -21 -1 -17 -10 -23 -9 -18 -6 -18 -4 -17 -8 -14 -4 -16 -4 -19 -5 -10 -6 -14 -4 -11 -1 -8 0 0 0 0 0 0 0 0 0 0 0 0 0 0 0 0 0 0 0 0 0 0 -17 -4 -14 -7 -14 -8 -20 -9 -14 -7 -20 -6 -20 -11 -14 -5 -20 -8 -17 -7 -17 1 -18 1 -9 6 -11 6 -6 12 -1 14 4 20 1 24 5 24 7 31 8 31 11 39 7 35 9 37 11 39 13 43 ]

CSI_DATA,AP,46:C6:EE:AC:4F:DC,-36,11,1,7,0,0,1,0,0,0,1,-96,0,6,0,22266819,0,94,0,0,22.4385,256,[94 96 5 0 -6 -25 -6 -24 -6 -24 -7 -23 -6 -22 -7 -21 -8 -21 -8 -21 -9 -20 -9 -20 -9 -19 -9 -18 -9 -18 -8 -19 -9 -18 -9 -18 -8 -17 -8 -18 -6 -17 -6 -17 -6 -17 -6 -17 -5 -16 -4 -16 -3 -16 0 0 0 0 0 0 0 0 0 0 0 0 0 0 0 0 0 0 0 0 0 0 -9 -16 -8 -17 -7 -18 -6 -19 -6 -19 -5 -20 -5 -21 -4 -22 -3 -22 -2 -23 -2 -24 -2 -23 -1 -24 0 -24 -1 -24 -1 -25 -1 -24 -1 -25 -2 -24 -2 -24 -2 -25 -3 -26 -3 -25 -4 -26 -4 -26 -4 -25 ]

CSI_DATA,AP,46:C6:EE:AC:4F:DC,-36,11,1,7,0,0,1,1,0,0,1,-96,1,6,0,22266958,0,114,0,0,22.4468,256,[114 -96 6 0 3 -25 3 -25 3 -24 2 -24 2 -24 1 -23 0 -22 0 -23 -1 -22 -2 -22 -3 -21 -3 -21 -3 -21 -2 -21 -2 -21 -2 -20 -1 -20 -1 -20 -1 -20 -1 -19 0 -19 0 -17 0 -17 2 -17 2 -17 0 0 0 0 0 0 0 0 0 0 0 0 0 0 0 0 0 0 0 0 0 0 -3 -19 -1 -20 0 -20 1 -21 2 -20 2 -21 3 -22 5 -23 5 -23 6 -22 7 -24 7 -23 7 -23 8 -23 9 -25 8 -24 8 -25 8 -23 8 -25 7 -25 7 -25 7 -26 6 -26 6 -26 5 -26 5 -27 ]

CSI_DATA,AP,46:C6:EE:AC:4F:DC,-36,11,1,7,0,0,1,1,0,0,1,-96,1,6,0,22267082,0,129,0,0,22.4542,256,[-127 -112 7 0 20 -9 20 -9 19 -9 19 -10 18 -10 17 -10 16 -10 16 -11 15 -11 15 -12 15 -12 14 -11 14 -12 14 -11 14 -11 13 -11 14 -10 14 -11 14 -10 13 -9 13 -8 12 -8 13 -8 13 -7 14 -7 0 0 0 0 0 0 0 0 0 0 0 0 0 0 0 0 0 0 0 0 0 0 12 -10 13 -10 14 -9 15 -9 15 -8 17 -8 17 -7 18 -7 19 -6 19 -6 20 -6 20 -6 21 -5 21 -5 22 -5 21 -5 22 -5 21 -5 21 -6 21 -6 22 -6 22 -7 21 -7 21 -7 22 -8 22 -9 ]

CSI_DATA,AP,46:C6:EE:AC:4F:DC,-36,11,1,7,0,0,1,1,0,0,1,-96,1,6,0,22297728,0,114,0,0,22.4692,256,[114 -96 6 0 21 9 21 8 21 8 20 7 20 7 19 5 19 5 19 4 19 3 18 3 19 3 18 2 18 3 18 2 17 2 18 3 17 3 17 3 16 3 16 3 15 4 15 4 14 4 14 5 13 6 0 0 0 0 0 0 0 0 0 0 0 0 0 0 0 0 0 0 0 0 0 0 16 1 16 2 17 4 17 4 17 6 17 6 18 8 18 8 18 9 18 10 18 11 18 11 18 11 18 11 18 12 19 12 18 12 19 12 19 11 19 11 20 11 20 11 21 11 21 11 21 10 21 10 ]

CSI_DATA,AP,46:C6:EE:AC:4F:DC,-36,11,1,7,0,0,1,1,0,0,1,-96,1,6,0,22297846,0,129,0,0,22.4765,256,[-127 -112 7 0 -2 22 -2 21 -1 21 -1 20 0 20 1 19 1 19 1 19 2 18 2 18 2 17 2 17 3 17 3 17 2 17 3 17 2 16 2 16 2 16 1 15 1 15 1 15 0 15 -1 14 -1 14 0 0 0 0 0 0 0 0 0 0 0 0 0 0 0 0 0 0 0 0 0 0 3 15 1 16 0 16 0 17 -1 17 -1 18 -2 19 -2 19 -3 19 -4 20 -5 20 -6 20 -6 20 -6 20 -6 20 -6 21 -6 20 -6 21 -5 20 -5 21 -5 22 -4 22 -4 22 -4 22 -4 22 -3 22 ]

CSI_DATA,AP,46:C6:EE:AC:4F:DC,-35,11,1,7,0,0,1,1,0,0,1,-96,1,6,0,22329228,0,114,0,0,22.5007,256,[114 -96 6 0 -18 15 -17 15 -16 15 -16 16 -15 16 -14 15 -13 15 -12 16 -12 16 -12 17 -11 16 -11 16 -10 16 -10 16 -10 15 -10 15 -10 15 -11 15 -10 14 -10 13 -10 12 -10 12 -10 11 -11 11 -12 10 0 0 0 0 0 0 0 0 0 0 0 0 0 0 0 0 0 0 0 0 0 0 -9 14 -11 14 -11 13 -13 13 -13 13 -14 13 -15 13 -16 13 -17 12 -17 12 -18 12 -19 12 -19 12 -19 11 -20 12 -20 12 -20 12 -19 12 -20 13 -20 13 -19 13 -19 14 -19 14 -19 14 -19 15 -19 15 ]

CSI_DATA,AP,46:C6:EE:AC:4F:DC,-35,11,1,7,0,0,1,1,0,0,1,-96,1,6,0,22336606,0,129,0,0,22.5089,256,[-127 -112 7 0 -24 -15 -24 -14 -23 -13 -24 -13 -23 -11 -23 -10 -22 -9 -22 -9 -22 -8 -23 -7 -23 -7 -22 -6 -22 -6 -21 -6 -21 -6 -21 -6 -20 -6 -21 -7 -19 -7 -19 -7 -18 -7 -18 -7 -18 -7 -17 -8 -16 -9 0 0 0 0 0 0 0 0 0 0 0 0 0 0 0 0 0 0 0 0 0 0 -19 -6 -19 -8 -19 -9 -20 -11 -19 -11 -20 -12 -20 -14 -21 -15 -19 -15 -20 -16 -20 -17 -19 -17 -20 -18 -19 -18 -20 -19 -20 -18 -20 -19 -20 -17 -21 -18 -21 -17 -22 -17 -22 -17 -22 -17 -23 -17 -24 -16 -24 -16 ]

CSI_DATA,AP,46:C6:EE:AC:4F:DC,-36,11,1,7,0,0,1,1,0,0,1,-96,1,6,0,22350476,0,114,0,0,22.522,256,[114 -96 6 0 25 1 25 0 25 -1 24 -1 23 -2 22 -3 22 -3 21 -4 21 -4 21 -5 20 -5 20 -5 20 -5 20 -5 20 -6 20 -5 19 -5 19 -5 19 -4 18 -3 17 -3 17 -2 17 -1 17 -1 17 0 0 0 0 0 0 0 0 0 0 0 0 0 0 0 0 0 0 0 0 0 0 0 18 -4 18 -3 19 -3 19 -1 20 -1 21 0 22 1 23 2 23 2 23 3 24 5 23 5 23 5 23 6 24 6 24 6 24 5 24 5 24 4 25 4 25 4 26 3 26 3 26 3 26 3 26 2 ]

CSI_DATA,AP,46:C6:EE:AC:4F:DC,-35,11,1,7,0,0,1,1,0,0,1,-96,1,6,0,22350600,0,129,0,0,22.5294,256,[-127 -112 7 0 14 19 14 18 14 18 14 17 14 16 14 15 15 14 14 14 15 13 15 13 15 12 15 12 15 12 15 12 15 11 15 12 13 11 14 11 13 11 12 11 12 11 11 11 10 12 10 12 9 12 0 0 0 0 0 0 0 0 0 0 0 0 0 0 0 0 0 0 0 0 0 0 13 10 13 12 12 12 12 14 12 14 12 15 11 16 12 17 11 18 11 18 10 19 9 20 9 20 9 20 9 21 9 21 9 21 10 20 10 20 10 20 11 21 12 20 12 21 13 20 13 20 13 20 ]

CSI_DATA,AP,46:C6:EE:AC:4F:DC,-36,11,1,7,0,0,1,1,0,0,1,-96,1,6,0,22366678,0,124,0,0,22.5382,256,[124 64 7 0 -13 -19 -13 -19 -13 -19 -13 -19 -13 -18 -14 -16 -14 -16 -14 -15 -14 -15 -15 -15 -15 -14 -14 -13 -14 -13 -14 -13 -14 -13 -14 -13 -13 -13 -13 -13 -12 -13 -12 -12 -11 -13 -11 -13 -10 -13 -10 -13 -8 -13 0 0 0 0 0 0 0 0 0 0 0 0 0 0 0 0 0 0 0 0 0 0 -12 -12 -12 -13 -11 -14 -11 -15 -11 -16 -10 -17 -11 -18 -10 -19 -10 -19 -9 -20 -9 -21 -9 -21 -8 -21 -8 -21 -8 -22 -8 -22 -9 -22 -9 -22 -9 -22 -9 -21 -10 -22 -11 -21 -10 -22 -11 -22 -12 -21 -12 -21 ]

CSI_DATA,AP,46:C6:EE:AC:4F:DC,-35,11,1,7,0,0,1,0,0,0,1,-96,0,6,0,22373976,0,102,0,0,22.5471,256,[102 -32 5 0 -16 17 -15 17 -15 17 -14 17 -13 17 -12 16 -12 17 -11 17 -11 17 -10 17 -10 17 -9 16 -9 17 -9 17 -9 17 -8 16 -9 16 -9 16 -9 15 -9 14 -9 13 -9 13 -9 13 -10 13 -11 12 0 0 0 0 0 0 0 0 0 0 0 0 0 0 0 0 0 0 0 0 0 0 -9 14 -10 14 -11 14 -12 14 -13 13 -14 14 -15 14 -16 14 -16 14 -18 13 -18 13 -19 13 -19 12 -19 12 -19 12 -19 13 -19 13 -19 13 -18 13 -18 14 -19 15 -18 15 -18 16 -18 16 -18 16 -17 16 ]

CSI_DATA,AP,46:C6:EE:AC:4F:DC,-36,11,1,7,0,0,1,1,0,0,1,-96,1,6,0,22392112,0,119,0,0,22.5635,256,[119 -16 6 0 22 4 22 3 21 2 21 2 21 2 20 1 20 1 19 0 20 -1 20 -1 19 -1 19 -1 19 -1 19 -1 19 -2 18 -1 18 -1 18 0 17 0 17 0 16 1 16 2 15 2 16 3 15 3 0 0 0 0 0 0 0 0 0 0 0 0 0 0 0 0 0 0 0 0 0 0 16 -2 17 -1 17 0 18 0 18 1 19 2 20 3 20 4 20 4 20 5 21 6 21 7 20 7 20 7 21 8 21 8 20 7 21 7 21 7 21 7 22 7 22 6 22 6 23 5 23 5 23 4 ]

CSI_DATA,AP,46:C6:EE:AC:4F:DC,-36,11,1,7,0,0,1,1,0,0,1,-96,1,6,0,22404082,0,119,0,0,22.5756,256,[119 -16 6 0 -8 21 -7 21 -7 21 -6 20 -5 20 -4 19 -3 19 -3 19 -2 19 -2 19 -2 19 -1 18 -1 18 -2 18 -2 18 -1 18 -2 17 -2 18 -3 16 -3 16 -3 15 -3 16 -3 15 -4 15 -5 14 0 0 0 0 0 0 0 0 0 0 0 0 0 0 0 0 0 0 0 0 0 0 -2 16 -3 16 -4 17 -5 17 -6 17 -6 17 -7 18 -8 18 -9 18 -10 18 -10 19 -11 19 -11 18 -11 18 -12 19 -12 19 -11 19 -11 19 -11 19 -10 19 -11 20 -10 20 -10 21 -9 21 -9 21 -9 22 ]

CSI_DATA,AP,46:C6:EE:AC:4F:DC,-35,11,1,7,0,0,1,0,0,0,1,-96,0,6,0,22414223,0,102,0,0,22.5857,256,[102 -32 5 0 17 -17 17 -18 16 -18 16 -18 15 -19 13 -18 13 -18 12 -19 12 -19 12 -19 11 -19 10 -18 10 -18 10 -19 10 -19 10 -18 10 -18 10 -18 10 -17 10 -16 10 -15 10 -15 10 -14 11 -14 12 -13 0 0 0 0 0 0 0 0 0 0 0 0 0 0 0 0 0 0 0 0 0 0 9 -16 11 -16 12 -15 13 -15 14 -15 15 -15 16 -15 17 -15 18 -14 19 -14 19 -13 20 -13 20 -14 20 -13 21 -13 21 -13 21 -14 20 -13 20 -14 20 -15 20 -15 20 -16 20 -16 19 -16 19 -17 19 -18 ]

CSI_DATA,AP,46:C6:EE:AC:4F:DC,-38,11,1,7,0,0,1,0,0,0,1,-96,0,6,0,23375058,0,94,0,0,23.5467,256,[94 96 5 0 -27 -3 -27 -1 -27 -2 -25 0 -25 0 -24 1 -23 1 -23 3 -23 4 -23 4 -23 3 -22 4 -21 4 -22 5 -21 5 -21 4 -20 3 -21 4 -19 3 -19 3 -19 2 -19 2 -18 1 -18 1 -18 -1 0 0 0 0 0 0 0 0 0 0 0 0 0 0 0 0 0 0 0 0 0 0 -21 2 -21 1 -22 0 -23 -1 -24 -2 -23 -4 -25 -4 -26 -6 -26 -6 -27 -7 -26 -8 -26 -9 -27 -10 -26 -9 -26 -10 -28 -9 -26 -9 -27 -9 -26 -8 -27 -8 -28 -7 -28 -7 -28 -7 -28 -6 -28 -5 -27 -5 ]

CSI_DATA,AP,46:C6:EE:AC:4F:DC,-40,11,1,7,0,0,1,1,0,0,1,-96,1,6,0,23436040,0,114,0,0,23.6074,256,[114 -96 6 0 -19 13 -18 13 -18 13 -17 13 -17 13 -15 13 -14 14 -13 15 -14 15 -13 15 -13 15 -12 14 -12 14 -12 15 -11 14 -11 14 -11 14 -12 13 -12 12 -12 12 -12 11 -11 11 -11 10 -12 10 -12 9 0 0 0 0 0 0 0 0 0 0 0 0 0 0 0 0 0 0 0 0 0 0 -11 12 -13 12 -14 12 -15 11 -15 12 -17 10 -18 12 -19 11 -20 10 -21 10 -21 10 -22 10 -22 9 -22 9 -22 8 -23 9 -23 9 -22 9 -22 9 -21 10 -22 10 -22 11 -22 12 -21 12 -21 12 -21 13 ]

CSI_DATA,AP,14:85:7F:81:BF:55,-79,11,0,0,0,0,0,0,0,0,0,-96,0,6,0,23629150,0,222,0,0,23.8011,128,[-34 -32 13 0 34 19 30 17 27 18 26 19 20 13 23 13 23 8 21 7 20 10 22 6 19 3 19 3 18 4 16 0 13 -1 9 -7 11 -6 10 -4 7 -6 5 -8 10 -12 7 -9 8 -11 10 -10 8 -9 0 0 0 0 0 0 0 0 0 0 0 0 0 0 0 0 0 0 0 0 0 0 10 4 10 5 8 6 13 6 12 1 16 2 12 4 13 8 15 6 16 4 19 6 23 6 23 4 26 5 22 -2 25 4 26 -1 26 3 31 -6 30 -6 33 -1 40 -2 40 8 36 9 40 7 35 14 ]

CSI_DATA,AP,46:C6:EE:AC:4F:DC,-37,11,1,7,0,0,1,1,0,0,1,-96,1,6,0,23659585,0,114,0,0,23.8311,256,[114 -96 6 0 21 15 20 15 20 13 20 13 21 12 19 11 20 10 20 9 20 9 20 8 20 7 20 7 20 7 19 6 19 7 19 7 18 8 18 8 17 8 16 8 15 8 15 8 14 8 14 9 13 8 0 0 0 0 0 0 0 0 0 0 0 0 0 0 0 0 0 0 0 0 0 0 18 7 18 8 18 10 17 10 17 12 18 13 18 15 18 15 17 16 18 17 17 18 17 18 17 19 17 19 18 20 17 20 17 19 17 19 17 19 17 18 18 19 20 18 19 18 20 17 20 18 21 17 ]

CSI_DATA,AP,46:C6:EE:AC:4F:DC,-35,11,1,7,0,0,1,0,0,0,1,-96,0,6,0,24162439,0,94,0,0,24.3341,256,[94 96 5 0 -19 16 -19 17 -18 17 -16 17 -15 18 -14 17 -14 17 -13 18 -13 18 -12 18 -12 18 -11 18 -11 18 -11 18 -11 18 -11 17 -11 17 -11 17 -11 16 -11 15 -11 14 -11 14 -11 13 -12 13 -13 12 0 0 0 0 0 0 0 0 0 0 0 0 0 0 0 0 0 0 0 0 0 0 -12 16 -13 16 -15 15 -17 15 -17 15 -18 15 -19 15 -21 15 -21 14 -22 13 -22 13 -23 12 -24 11 -24 11 -24 12 -24 11 -24 12 -23 12 -23 12 -22 12 -23 14 -23 14 -22 14 -22 15 -22 15 -21 16 ]

CSI_DATA,AP,14:85:7F:82:8E:F8,-80,11,0,0,0,0,0,0,0,0,0,-96,0,6,0,24630138,0,222,0,0,24.8021,128,[-34 -32 13 0 1 40 0 39 2 30 2 30 -6 20 -5 16 -10 10 -2 9 -8 5 -7 -1 -9 -2 -11 -8 -13 -5 -10 -11 -18 -15 -14 -10 -12 -11 -10 -12 -10 -10 -9 -7 -12 -6 -10 -8 -7 -6 -11 -7 -6 -5 0 0 0 0 0 0 0 0 0 0 0 0 0 0 0 0 0 0 0 0 0 0 -18 -9 -19 -11 -13 -11 -18 -16 -18 -12 -24 -15 -20 -9 -13 -10 -19 -16 -14 -10 -22 -8 -18 -2 -9 3 -6 8 -4 13 0 15 -2 22 0 27 2 33 3 33 5 39 12 39 9 37 12 44 12 43 12 46 ]

CSI_DATA,AP,14:85:7F:81:BF:55,-78,11,0,0,0,0,0,0,0,0,0,-96,0,6,0,26635617,0,222,0,0,26.8075,128,[-34 -32 13 0 -22 -23 -19 -17 -19 -21 -17 -18 -17 -15 -18 -10 -17 -7 -17 -11 -17 -7 -11 -10 -16 -4 -16 0 -12 -4 -11 1 -12 1 -8 5 -9 4 -6 7 -8 7 -9 7 -9 6 -10 10 -11 7 -9 9 -9 6 0 0 0 0 0 0 0 0 0 0 0 0 0 0 0 0 0 0 0 0 0 0 -10 -8 -9 -8 -10 -8 -12 -7 -11 -8 -13 -8 -12 -10 -12 -12 -14 -11 -16 -10 -20 -13 -25 -15 -25 -14 -26 -12 -27 -9 -27 -12 -29 -11 -26 -8 -28 -12 -35 -9 -34 -9 -33 -14 -38 -16 -37 -15 -33 -21 -34 -26 ]

CSI_DATA,AP,46:C6:EE:AC:4F:DC,-44,11,1,7,0,0,1,1,0,0,1,-96,1,6,0,28263299,0,110,0,0,28.4349,256,[110 96 6 0 21 8 21 7 21 6 20 5 20 4 19 3 19 3 19 2 19 1 19 1 19 1 18 0 18 0 18 0 18 0 17 1 17 0 17 0 16 0 16 0 15 2 15 2 14 2 15 2 14 3 0 0 0 0 0 0 0 0 0 0 0 0 0 0 0 0 0 0 0 0 0 0 18 0 19 2 19 3 19 5 19 6 20 7 20 8 21 9 20 10 20 11 20 12 20 12 20 13 20 13 20 13 20 13 19 13 20 13 20 12 20 12 21 12 21 11 21 11 21 11 21 10 21 9 ]

CSI_DATA,AP,46:C6:EE:AC:4F:DC,-50,11,1,7,0,0,1,1,0,0,1,-96,1,6,0,30474862,0,129,0,0,30.6466,256,[-127 -112 7 0 -25 7 -24 8 -23 8 -22 8 -21 9 -20 9 -19 10 -19 11 -18 11 -17 12 -16 12 -16 12 -16 12 -15 12 -15 12 -15 12 -15 11 -15 11 -14 10 -14 10 -13 9 -13 9 -12 9 -13 8 -13 7 0 0 0 0 0 0 0 0 0 0 0 0 0 0 0 0 0 0 0 0 0 0 -21 11 -22 10 -23 9 -24 8 -25 7 -26 6 -28 5 -29 4 -28 3 -29 3 -30 2 -30 1 -29 0 -30 0 -29 0 -30 0 -29 0 -29 0 -28 1 -28 1 -29 2 -28 3 -28 4 -27 4 -27 5 -26 5 ]

CSI_DATA,AP,46:C6:EE:AC:4F:DC,-51,11,1,7,0,0,1,1,0,0,1,-96,1,6,0,30474989,0,114,0,0,30.6547,256,[114 -96 6 0 -19 -13 -19 -12 -19 -11 -19 -10 -19 -9 -19 -8 -18 -7 -18 -6 -18 -6 -18 -5 -18 -5 -18 -4 -17 -4 -17 -3 -17 -3 -17 -4 -16 -3 -16 -3 -15 -3 -15 -3 -14 -4 -14 -4 -13 -4 -13 -4 -13 -4 0 0 0 0 0 0 0 0 0 0 0 0 0 0 0 0 0 0 0 0 0 0 -19 -7 -20 -9 -20 -11 -20 -12 -19 -13 -19 -14 -20 -15 -20 -16 -19 -17 -19 -18 -18 -19 -17 -20 -17 -20 -16 -20 -17 -20 -17 -20 -17 -19 -17 -19 -17 -18 -17 -18 -18 -18 -18 -17 -19 -17 -18 -16 -19 -16 -19 -15 ]

CSI_DATA,AP,46:C6:EE:AC:4F:DC,-52,11,1,7,0,0,1,1,0,0,1,-96,1,6,0,30504291,0,129,0,0,30.6758,256,[-127 -112 7 0 -20 11 -18 11 -18 12 -17 12 -17 12 -15 12 -15 12 -14 13 -13 13 -12 14 -12 13 -11 13 -11 14 -11 13 -11 14 -10 13 -10 12 -11 12 -10 11 -10 11 -9 10 -10 10 -9 9 -10 9 -10 9 0 0 0 0 0 0 0 0 0 0 0 0 0 0 0 0 0 0 0 0 0 0 -15 14 -17 13 -18 12 -19 12 -20 11 -21 11 -22 10 -23 10 -24 9 -25 8 -25 8 -26 7 -26 6 -25 6 -26 6 -25 6 -25 6 -25 7 -24 7 -23 8 -24 8 -24 8 -23 9 -23 9 -22 9 -22 10 ]

CSI_DATA,AP,46:C6:EE:AC:4F:DC,-41,11,1,7,0,0,1,1,0,0,1,-96,1,6,0,30504418,0,114,0,0,30.6838,256,[114 -96 6 0 -24 -5 -22 -4 -22 -3 -22 -2 -22 -1 -20 -1 -20 0 -20 1 -19 2 -19 2 -19 3 -18 3 -18 3 -18 3 -17 3 -17 3 -16 3 -17 3 -16 2 -15 2 -14 2 -15 2 -14 1 -14 1 -14 1 0 0 0 0 0 0 0 0 0 0 0 0 0 0 0 0 0 0 0 0 0 0 -21 0 -22 -1 -22 -3 -23 -4 -23 -5 -24 -6 -25 -7 -25 -8 -24 -9 -25 -10 -25 -11 -24 -12 -24 -12 -24 -12 -24 -13 -24 -12 -24 -12 -23 -12 -23 -11 -23 -10 -24 -10 -24 -10 -24 -9 -24 -8 -24 -7 -24 -7 ]

CSI_DATA,AP,46:C6:EE:AC:4F:DC,-43,11,1,7,0,0,1,1,0,0,1,-96,1,6,0,30538671,0,129,0,0,30.7102,256,[-127 -112 7 0 19 -13 18 -13 17 -14 16 -14 15 -14 14 -14 14 -14 13 -15 12 -15 11 -16 11 -15 10 -15 9 -15 10 -15 10 -15 9 -14 10 -14 10 -14 9 -13 9 -12 8 -11 9 -11 8 -11 9 -10 9 -10 0 0 0 0 0 0 0 0 0 0 0 0 0 0 0 0 0 0 0 0 0 0 13 -16 14 -15 16 -15 17 -14 18 -14 19 -13 21 -13 22 -12 22 -11 23 -11 24 -10 24 -10 24 -9 24 -8 24 -9 24 -9 24 -9 23 -9 23 -9 23 -9 23 -10 23 -11 22 -11 22 -11 21 -12 21 -13 ]

CSI_DATA,AP,46:C6:EE:AC:4F:DC,-45,11,1,7,0,0,1,1,0,0,1,-96,1,6,0,30541214,0,114,0,0,30.7183,256,[114 -96 6 0 -18 -17 -18 -16 -17 -15 -18 -14 -18 -13 -18 -12 -17 -11 -17 -10 -17 -9 -18 -9 -18 -8 -17 -8 -17 -8 -17 -7 -17 -7 -17 -7 -15 -7 -16 -7 -15 -7 -14 -7 -14 -7 -13 -7 -13 -7 -13 -7 -12 -7 0 0 0 0 0 0 0 0 0 0 0 0 0 0 0 0 0 0 0 0 0 0 -19 -10 -18 -12 -18 -14 -18 -15 -17 -16 -17 -17 -17 -19 -17 -20 -16 -20 -16 -21 -16 -22 -15 -22 -14 -23 -14 -23 -14 -23 -14 -23 -14 -22 -14 -22 -14 -22 -15 -21 -15 -21 -16 -21 -16 -20 -17 -20 -17 -19 -17 -18 ]

CSI_DATA,AP,46:C6:EE:AC:4F:DC,-43,11,1,7,0,0,1,1,0,0,1,-96,1,6,0,30574265,0,114,0,0,30.7459,256,[114 -96 6 0 -14 20 -13 20 -13 20 -12 20 -11 19 -10 19 -9 18 -8 19 -7 19 -7 19 -6 19 -6 18 -5 18 -5 18 -6 18 -5 17 -6 17 -6 16 -6 17 -6 15 -5 14 -6 15 -6 14 -7 12 -7 13 0 0 0 0 0 0 0 0 0 0 0 0 0 0 0 0 0 0 0 0 0 0 -7 17 -11 19 -13 18 -13 20 -12 19 -15 19 -17 19 -17 19 -18 18 -19 17 -20 18 -21 17 -21 16 -22 17 -22 17 -21 16 -22 17 -21 15 -21 16 -19 17 -20 18 -19 19 -18 19 -18 18 -17 19 -16 20 ]

CSI_DATA,AP,46:C6:EE:AC:4F:DC,-45,11,1,7,0,0,1,1,0,0,1,-96,1,6,0,30574389,0,129,0,0,30.754,256,[-127 -112 7 0 -26 -3 -25 -3 -24 -1 -23 -1 -23 0 -22 1 -22 1 -21 2 -21 3 -21 3 -21 3 -20 4 -20 4 -19 4 -19 4 -19 3 -16 2 -19 4 -17 3 -17 1 -16 2 -16 0 -16 2 -16 1 -15 0 0 0 0 0 0 0 0 0 0 0 0 0 0 0 0 0 0 0 0 0 0 0 -23 2 -23 3 -21 -1 -23 0 -24 -2 -25 -3 -25 -3 -27 -5 -26 -5 -26 -6 -23 -11 -27 -8 -27 -9 -28 -9 -26 -9 -28 -8 -25 -7 -28 -9 -23 -9 -26 -7 -26 -7 -26 -9 -26 -6 -26 -6 -27 -4 -26 -5 ]

CSI_DATA,AP,46:C6:EE:AC:4F:DC,-46,11,1,7,0,0,1,1,0,0,1,-96,1,6,0,30613751,0,119,0,0,30.7853,256,[119 -16 6 0 -20 -14 -19 -13 -19 -12 -19 -12 -19 -10 -18 -9 -18 -9 -18 -8 -18 -8 -18 -7 -19 -7 -18 -6 -18 -6 -17 -6 -17 -5 -17 -6 -16 -5 -17 -6 -15 -6 -15 -6 -14 -6 -14 -6 -14 -6 -13 -6 -13 -7 0 0 0 0 0 0 0 0 0 0 0 0 0 0 0 0 0 0 0 0 0 0 -18 -7 -18 -9 -18 -10 -18 -11 -18 -12 -18 -14 -18 -14 -19 -16 -17 -16 -17 -17 -17 -18 -17 -19 -16 -19 -16 -19 -16 -19 -16 -20 -16 -19 -16 -19 -16 -18 -17 -18 -18 -18 -18 -18 -18 -17 -18 -17 -19 -16 -18 -16 ]

CSI_DATA,AP,14:85:7F:82:8E:F8,-79,11,0,0,0,0,0,0,0,0,0,-96,0,6,0,30625786,0,222,0,0,30.7975,128,[-34 -32 13 0 -21 35 -21 30 -18 28 -14 24 -16 24 -13 21 -6 15 -7 13 -1 10 -1 8 3 11 7 9 3 7 8 7 7 5 6 0 9 2 11 2 10 2 7 0 12 -1 12 3 9 0 12 4 4 6 0 0 0 0 0 0 0 0 0 0 0 0 0 0 0 0 0 0 0 0 0 0 -16 -2 -17 -1 -20 -3 -20 -5 -20 -4 -20 -4 -20 -7 -19 -7 -17 -5 -14 -2 -17 -4 -12 -6 -12 -3 -10 2 -10 7 -5 16 -9 18 -9 19 -8 24 -6 27 -11 32 -8 35 -8 32 -12 37 -12 41 -13 43 ]

CSI_DATA,AP,46:C6:EE:AC:4F:DC,-47,11,1,7,0,0,1,1,0,0,1,-96,1,6,0,30631929,0,119,0,0,30.8056,256,[119 -16 6 0 8 21 8 19 9 19 9 18 10 17 10 17 11 16 11 15 10 14 11 14 13 13 12 13 12 13 11 13 11 13 12 12 11 12 10 12 9 12 9 11 9 12 8 11 7 11 8 11 6 11 0 0 0 0 0 0 0 0 0 0 0 0 0 0 0 0 0 0 0 0 0 0 11 15 8 15 7 16 8 18 7 19 7 18 7 21 6 22 6 22 6 23 3 22 5 23 3 21 3 24 1 22 3 23 4 22 3 24 5 23 3 22 4 24 7 23 7 25 6 23 6 22 7 23 ]

CSI_DATA,AP,46:C6:EE:AC:4F:DC,-51,11,1,7,0,0,1,1,0,0,1,-96,1,6,0,31461406,0,114,0,0,31.6331,256,[114 -96 6 0 13 21 13 22 13 20 14 20 14 19 14 18 15 17 14 16 15 15 15 15 15 15 14 14 15 14 15 14 14 13 14 13 13 13 14 13 13 12 12 12 12 12 11 12 10 12 10 12 9 12 0 0 0 0 0 0 0 0 0 0 0 0 0 0 0 0 0 0 0 0 0 0 15 14 14 16 13 17 13 18 12 19 13 21 12 22 11 22 10 23 10 24 10 25 10 24 8 25 8 25 8 26 8 25 8 26 8 25 9 24 9 24 10 25 11 24 12 24 12 24 12 23 12 23 ]

CSI_DATA,AP,46:C6:EE:AC:4F:DC,-51,11,1,7,0,0,1,1,0,0,1,-96,1,6,0,31568238,0,116,0,0,31.7398,256,[116 -64 6 0 23 3 23 2 23 1 22 1 22 1 21 -1 21 -2 20 -2 19 -4 20 -4 19 -4 19 -4 19 -4 19 -4 19 -5 18 -3 18 -4 18 -4 18 -3 17 -3 16 -2 16 -2 15 -1 15 -1 15 0 0 0 0 0 0 0 0 0 0 0 0 0 0 0 0 0 0 0 0 0 0 0 19 -4 20 -2 21 -1 21 0 22 1 23 2 23 3 24 4 24 5 24 5 24 6 24 7 24 7 24 8 25 8 24 9 24 8 24 8 24 8 24 7 25 7 25 6 25 5 25 5 24 4 25 4 ]

CSI_DATA,AP,46:C6:EE:AC:4F:DC,-52,11,1,7,0,0,1,1,0,0,1,-96,1,6,0,31584498,0,116,0,0,31.756,256,[116 -64 6 0 23 7 22 6 22 5 22 4 21 4 21 2 21 2 20 1 20 0 20 -1 20 -1 19 -1 19 -1 19 -2 18 -1 19 -1 18 0 18 -1 17 0 16 0 16 0 16 1 15 1 15 2 14 2 0 0 0 0 0 0 0 0 0 0 0 0 0 0 0 0 0 0 0 0 0 0 19 0 20 2 20 3 21 4 21 5 21 6 22 7 22 8 22 9 22 10 22 11 22 12 22 12 22 12 22 13 22 13 22 12 22 12 22 11 22 11 23 11 23 10 23 10 23 9 23 9 23 8 ]

CSI_DATA,AP,46:C6:EE:AC:4F:DC,-54,11,1,6,0,0,1,1,0,0,0,-96,1,6,0,31621360,0,121,0,0,31.7929,256,[121 16 7 0 -3 -23 -3 -22 -3 -22 -4 -21 -4 -21 -5 -20 -5 -20 -6 -19 -6 -19 -7 -18 -8 -18 -8 -17 -8 -17 -7 -17 -7 -17 -7 -16 -6 -16 -6 -17 -6 -16 -5 -15 -5 -15 -5 -15 -5 -15 -4 -14 -3 -14 0 0 0 0 0 0 0 0 0 0 0 0 0 0 0 0 0 0 0 0 0 0 -6 -18 -5 -19 -4 -20 -3 -21 -2 -20 -1 -22 0 -23 0 -24 1 -23 2 -24 2 -25 3 -24 4 -24 4 -24 4 -24 4 -25 3 -24 3 -24 3 -24 3 -24 2 -25 1 -25 1 -24 0 -24 0 -24 0 -24 ]

CSI_DATA,AP,46:C6:EE:AC:4F:DC,-54,11,1,6,0,0,1,1,0,0,0,-96,1,6,0,31634837,0,121,0,0,31.8063,256,[121 16 7 0 -20 -12 -19 -11 -19 -10 -19 -9 -19 -8 -19 -8 -19 -7 -18 -6 -18 -5 -19 -5 -19 -4 -18 -4 -18 -4 -18 -3 -17 -3 -17 -4 -17 -3 -17 -4 -16 -3 -16 -3 -15 -4 -15 -4 -14 -4 -14 -4 -14 -5 0 0 0 0 0 0 0 0 0 0 0 0 0 0 0 0 0 0 0 0 0 0 -19 -8 -19 -9 -19 -10 -19 -11 -19 -12 -19 -13 -19 -15 -19 -16 -18 -16 -18 -17 -18 -18 -17 -19 -16 -18 -16 -19 -17 -19 -17 -19 -17 -19 -17 -18 -17 -17 -18 -17 -18 -17 -18 -17 -19 -16 -19 -15 -19 -15 -19 -15 ]

CSI_DATA,AP,46:C6:EE:AC:4F:DC,-53,11,1,6,0,0,1,1,0,0,0,-96,1,6,0,31845761,0,114,0,0,32.0173,256,[114 -96 6 0 4 25 5 24 6 23 6 23 7 22 7 21 7 20 7 20 8 19 9 19 9 19 9 18 10 18 9 18 9 18 9 17 8 17 7 17 7 17 6 16 6 15 6 16 5 15 4 15 3 15 0 0 0 0 0 0 0 0 0 0 0 0 0 0 0 0 0 0 0 0 0 0 9 18 8 19 6 19 6 21 5 21 4 23 3 24 2 25 2 24 1 25 0 26 0 26 -1 25 -1 25 -1 27 -1 26 -1 26 -1 25 0 26 0 26 0 27 1 27 2 27 3 26 3 26 3 26 ]

CSI_DATA,AP,14:85:7F:82:8E:F8,-80,11,0,0,0,0,0,0,0,0,0,-96,0,6,0,35628579,0,222,0,0,35.8005,128,[-34 -32 13 0 47 6 39 7 34 9 34 7 28 10 28 6 22 8 17 4 15 2 9 0 13 -4 10 -6 7 -4 7 -7 6 -11 0 -11 4 -9 2 -8 2 -7 -1 -9 -3 -10 1 -12 0 -13 5 -10 4 -10 0 0 0 0 0 0 0 0 0 0 0 0 0 0 0 0 0 0 0 0 0 0 -7 19 -8 19 -11 20 -9 25 -8 19 -9 20 -10 22 -7 20 -12 22 -15 22 -9 18 -8 13 -7 14 0 10 1 6 6 6 13 1 17 0 18 0 25 -4 26 -7 30 -7 35 -4 38 -5 47 -5 42 -1 ]