CSI_DATA,AP,46:C6:EE:AC:4F:DC,-44,11,1,4,0,0,1,1,0,0,0,-96,1,6,0,20893965,0,126,0,0,21.0661,256,[126 96 7 0 11 22 12 23 12 23 13 23 14 23 14 23 15 23 15 23 15 23 16 23 16 24 16 23 16 24 15 25 14 25 13 26 12 26 11 26 9 26 8 25 7 24 6 24 5 23 4 24 2 23 0 0 0 0 0 0 0 0 0 0 0 0 0 0 0 0 0 0 0 0 0 0 -6 15 -7 15 -8 13 -8 13 -8 12 -7 12 -7 12 -7 12 -5 12 -5 11 -4 12 -4 13 -3 12 -2 13 -1 14 0 15 1 15 2 16 3 16 3 17 4 18 5 19 6 20 7 20 8 21 9 21 ]

CSI_DATA,AP,46:C6:EE:AC:4F:DC,-44,11,1,4,0,0,1,1,0,0,0,-96,1,6,0,20897203,0,130,0,0,21.0739,256,[-126 -96 7 0 -23 16 -24 18 -23 18 -24 19 -24 19 -23 19 -23 20 -23 20 -23 21 -23 23 -24 22 -23 22 -25 22 -25 21 -26 21 -26 19 -26 18 -28 16 -27 15 -27 13 -26 12 -26 11 -25 11 -26 9 -26 7 0 0 0 0 0 0 0 0 0 0 0 0 0 0 0 0 0 0 0 0 0 0 -19 -3 -18 -5 -18 -5 -17 -6 -16 -5 -15 -5 -15 -5 -15 -5 -14 -4 -15 -3 -15 -2 -15 -1 -15 0 -16 1 -17 2 -17 3 -17 4 -17 5 -19 6 -19 7 -20 8 -20 9 -20 11 -21 13 -21 13 -22 14 ]

CSI_DATA,AP,46:C6:EE:AC:4F:DC,-43,11,1,4,0,0,1,1,0,0,0,-96,1,6,0,21024600,0,114,0,0,21.1964,256,[114 -96 6 0 24 13 25 13 25 13 26 13 26 12 26 12 27 12 27 11 27 11 28 11 28 11 28 11 28 12 28 12 27 13 27 14 25 15 25 16 23 16 22 16 20 16 20 17 19 16 18 18 16 18 0 0 0 0 0 0 0 0 0 0 0 0 0 0 0 0 0 0 0 0 0 0 4 14 3 14 2 13 2 12 2 12 3 12 3 12 3 11 4 11 5 11 6 11 7 11 8 11 8 11 10 12 11 12 12 12 13 12 14 12 15 13 17 13 18 13 18 14 20 13 21 14 22 14 ]

CSI_DATA,AP,46:C6:EE:AC:4F:DC,-45,11,1,4,0,0,1,1,0,0,0,-96,1,6,0,21127438,0,129,0,0,21.2994,256,[-127 -112 7 0 -1 -28 -1 -28 -1 -29 -2 -29 -3 -29 -3 -28 -3 -29 -4 -29 -4 -30 -4 -30 -4 -30 -4 -30 -4 -29 -3 -30 -2 -30 -1 -30 0 -29 1 -29 2 -28 2 -27 2 -25 3 -25 4 -24 5 -24 6 -24 0 0 0 0 0 0 0 0 0 0 0 0 0 0 0 0 0 0 0 0 0 0 9 -9 9 -8 9 -7 8 -7 8 -7 7 -7 6 -8 6 -8 5 -9 5 -10 5 -11 4 -12 5 -13 4 -14 4 -15 4 -17 3 -17 3 -18 3 -19 3 -20 3 -21 2 -23 2 -23 2 -24 1 -25 1 -26 ]

CSI_DATA,AP,46:C6:EE:AC:4F:DC,-45,11,1,5,0,0,1,1,0,0,0,-96,1,6,0,21139416,0,114,0,0,21.3112,256,[114 -96 6 0 27 -2 26 -2 28 -2 27 -3 28 -3 27 -4 28 -4 28 -5 28 -5 29 -5 29 -5 28 -5 28 -4 29 -4 28 -3 29 -2 28 -1 28 0 27 1 26 2 24 2 25 3 23 3 23 4 23 6 0 0 0 0 0 0 0 0 0 0 0 0 0 0 0 0 0 0 0 0 0 0 8 9 7 9 6 8 6 8 6 7 6 7 6 6 7 6 8 5 9 5 10 4 11 4 12 4 13 4 14 3 15 3 15 3 17 2 18 2 19 2 20 2 22 1 22 1 23 0 24 0 25 0 ]

CSI_DATA,AP,46:C6:EE:AC:4F:DC,-46,11,1,5,0,0,1,1,0,0,0,-96,1,6,0,21140283,0,129,0,0,21.3184,256,[-127 -112 7 0 -25 10 -24 11 -25 11 -25 11 -25 12 -24 12 -25 13 -25 14 -25 14 -25 14 -26 14 -25 14 -25 13 -26 14 -26 13 -27 12 -26 10 -26 9 -26 8 -25 7 -24 6 -24 6 -24 5 -24 4 -24 3 0 0 0 0 0 0 0 0 0 0 0 0 0 0 0 0 0 0 0 0 0 0 -11 -6 -10 -7 -10 -6 -10 -6 -9 -5 -9 -5 -9 -4 -9 -4 -10 -3 -11 -2 -11 -1 -12 -1 -13 0 -14 0 -15 1 -16 2 -16 3 -17 3 -18 3 -19 4 -20 4 -21 6 -22 6 -22 7 -23 8 -23 8 ]

CSI_DATA,AP,46:C6:EE:AC:4F:DC,-45,11,1,5,0,0,1,1,0,0,0,-96,1,6,0,21159871,0,114,0,0,21.3316,256,[114 -96 6 0 -15 -24 -16 -24 -16 -24 -17 -24 -17 -24 -18 -23 -18 -23 -19 -23 -19 -24 -20 -24 -20 -24 -20 -23 -19 -24 -19 -25 -18 -25 -17 -25 -16 -25 -15 -25 -14 -25 -13 -24 -12 -24 -12 -23 -11 -23 -10 -24 -8 -24 0 0 0 0 0 0 0 0 0 0 0 0 0 0 0 0 0 0 0 0 0 0 4 -12 5 -12 5 -11 5 -10 4 -9 3 -10 2 -10 1 -10 1 -11 0 -11 -1 -12 -2 -13 -3 -13 -3 -14 -4 -15 -5 -16 -6 -17 -6 -18 -7 -18 -8 -18 -9 -20 -10 -21 -10 -21 -11 -22 -13 -22 -13 -23 ]

CSI_DATA,AP,46:C6:EE:AC:4F:DC,-46,11,1,5,0,0,1,1,0,0,0,-96,1,6,0,21165277,0,129,0,0,21.34,256,[-127 -112 7 0 24 -10 25 -11 25 -11 26 -12 26 -12 25 -13 25 -13 25 -14 25 -14 25 -15 25 -15 25 -15 26 -14 26 -13 27 -13 26 -11 27 -11 27 -9 26 -8 25 -7 24 -6 24 -6 23 -5 24 -5 24 -3 0 0 0 0 0 0 0 0 0 0 0 0 0 0 0 0 0 0 0 0 0 0 9 6 9 7 8 6 8 6 7 5 7 5 7 4 8 3 8 3 9 1 10 1 11 0 12 0 13 -1 14 -1 14 -2 16 -3 16 -3 18 -4 19 -4 20 -5 21 -5 21 -6 22 -7 23 -8 23 -9 ]

CSI_DATA,AP,14:85:7F:81:BF:55,-77,11,0,0,0,0,0,0,0,0,0,-96,0,6,0,21172366,0,222,0,0,21.3478,128,[-34 -32 13 0 -9 -26 -7 -18 -8 -21 -6 -14 -9 -13 -9 -9 -12 -5 -17 -4 -14 -9 -12 -6 -15 -4 -14 -6 -16 -4 -14 -5 -13 -2 -12 -1 -13 -3 -12 -4 -11 -2 -11 -6 -11 -2 -9 -6 -9 -4 -10 -8 -5 -7 0 0 0 0 0 0 0 0 0 0 0 0 0 0 0 0 0 0 0 0 0 0 -5 -8 -7 -11 -9 -11 -4 -14 -5 -11 -7 -16 -8 -16 -8 -19 -9 -21 -8 -21 -10 -27 -13 -30 -12 -32 -14 -30 -12 -27 -15 -32 -18 -30 -16 -36 -19 -33 -22 -32 -17 -36 -17 -41 -18 -35 -15 -36 -16 -35 -12 -33 ]

CSI_DATA,AP,46:C6:EE:AC:4F:DC,-46,11,1,5,0,0,1,1,0,0,0,-96,1,6,0,21195740,0,129,0,0,21.3675,256,[-127 -112 7 0 -1 25 -1 26 -1 26 0 26 0 27 1 26 1 26 1 26 2 27 2 27 2 27 1 27 1 27 0 27 0 27 -1 26 -2 26 -3 26 -4 24 -4 23 -4 22 -5 22 -5 21 -6 21 -8 21 0 0 0 0 0 0 0 0 0 0 0 0 0 0 0 0 0 0 0 0 0 0 -8 5 -8 5 -7 4 -7 4 -6 4 -6 5 -5 6 -5 7 -4 7 -4 8 -4 9 -3 11 -3 11 -4 12 -4 14 -4 15 -4 16 -3 17 -3 17 -3 18 -3 19 -2 20 -2 21 -2 22 -2 23 -1 24 ]

CSI_DATA,AP,46:C6:EE:AC:4F:DC,-46,11,1,6,0,0,1,1,0,0,0,-96,1,6,0,21210420,0,114,0,0,21.3822,256,[114 -96 6 0 27 9 28 9 28 8 29 8 29 7 29 7 29 6 29 6 29 6 30 6 30 7 29 6 30 7 29 7 30 8 28 9 28 10 27 10 26 11 24 11 23 11 23 11 22 12 21 13 20 14 0 0 0 0 0 0 0 0 0 0 0 0 0 0 0 0 0 0 0 0 0 0 3 10 3 10 2 8 3 8 3 7 4 7 5 7 6 7 7 7 8 6 9 7 10 7 11 7 12 7 14 8 14 8 16 9 17 9 18 9 19 9 20 9 22 9 22 9 23 10 25 9 25 9 ]

CSI_DATA,AP,46:C6:EE:AC:4F:DC,-46,11,1,6,0,0,1,1,0,0,0,-96,1,6,0,21239975,0,114,0,0,21.4118,256,[114 -96 6 0 -28 1 -29 2 -28 2 -29 3 -29 3 -28 3 -28 4 -29 4 -28 5 -29 5 -29 5 -29 5 -29 4 -29 3 -29 2 -28 2 -28 1 -28 0 -27 -1 -26 -1 -25 -2 -24 -2 -24 -3 -24 -4 -23 -5 0 0 0 0 0 0 0 0 0 0 0 0 0 0 0 0 0 0 0 0 0 0 -8 -8 -7 -8 -7 -7 -7 -7 -7 -6 -7 -6 -8 -5 -9 -5 -9 -4 -10 -3 -11 -3 -12 -3 -14 -3 -14 -3 -16 -3 -17 -3 -18 -3 -18 -2 -20 -2 -21 -2 -22 -2 -23 -1 -23 -1 -25 0 -25 1 -26 1 ]

CSI_DATA,AP,46:C6:EE:AC:4F:DC,-46,11,1,6,0,0,1,1,0,0,0,-96,1,6,0,21247480,0,114,0,0,21.4199,256,[114 -96 6 0 -8 25 -8 26 -7 26 -7 26 -7 27 -6 26 -5 27 -5 28 -5 27 -5 28 -6 28 -6 27 -6 28 -7 27 -7 27 -8 26 -9 26 -9 26 -10 24 -10 23 -10 21 -10 21 -11 20 -12 20 -13 19 0 0 0 0 0 0 0 0 0 0 0 0 0 0 0 0 0 0 0 0 0 0 -9 4 -9 3 -9 3 -9 3 -8 3 -8 4 -7 5 -7 6 -7 7 -7 7 -7 9 -7 10 -7 10 -8 12 -8 13 -8 14 -9 15 -9 16 -9 17 -9 18 -9 19 -9 20 -9 21 -9 22 -9 23 -8 23 ]

CSI_DATA,AP,46:C6:EE:AC:4F:DC,-46,11,1,6,0,0,1,1,0,0,0,-96,1,6,0,21260166,0,116,0,0,21.4319,256,[116 -64 6 0 -3 -29 -3 -29 -3 -30 -3 -29 -4 -30 -4 -29 -5 -29 -5 -30 -6 -30 -6 -30 -6 -31 -6 -30 -6 -30 -5 -30 -4 -30 -3 -30 -2 -29 -1 -29 0 -28 0 -27 1 -26 1 -26 2 -25 3 -25 4 -24 0 0 0 0 0 0 0 0 0 0 0 0 0 0 0 0 0 0 0 0 0 0 7 -8 7 -8 7 -7 6 -7 6 -7 5 -7 4 -8 4 -9 4 -10 4 -11 3 -12 3 -13 3 -14 3 -15 3 -16 2 -18 2 -19 2 -20 2 -20 1 -21 1 -23 1 -24 0 -25 0 -25 -1 -26 -1 -27 ]

CSI_DATA,AP,46:C6:EE:AC:4F:DC,-45,11,1,6,0,0,1,1,0,0,0,-96,1,6,0,21271014,0,116,0,0,21.4428,256,[116 -64 6 0 27 -4 26 -4 27 -4 27 -5 27 -5 26 -6 27 -6 27 -7 27 -7 27 -7 28 -6 27 -6 27 -6 27 -6 27 -5 27 -4 26 -3 26 -3 26 -1 24 -1 24 -1 23 1 22 2 23 3 22 4 0 0 0 0 0 0 0 0 0 0 0 0 0 0 0 0 0 0 0 0 0 0 8 6 7 6 7 6 7 5 7 5 7 4 8 4 8 3 9 3 10 3 11 2 12 2 13 2 14 2 15 1 16 1 17 1 18 1 19 0 20 0 21 -1 22 -1 23 -1 24 -1 24 -2 24 -2 ]

CSI_DATA,AP,46:C6:EE:AC:4F:DC,-48,11,1,7,0,0,1,1,0,0,1,-96,2,6,0,21650984,0,130,0,0,21.8228,256,[-126 -96 7 0 9 -10 9 -12 8 -14 8 -15 7 -16 6 -17 6 -19 5 -20 5 -21 4 -22 4 -23 4 -23 4 -24 4 -24 4 -25 5 -24 5 -24 5 -25 6 -24 6 -23 6 -22 7 -22 7 -21 7 -21 8 -20 0 0 0 0 0 0 0 0 0 0 0 0 0 0 0 0 0 0 0 0 0 0 24 18 24 20 21 21 21 22 19 22 18 23 17 23 16 23 14 22 13 21 12 21 11 19 11 18 10 16 10 15 10 13 10 11 10 9 10 7 11 5 11 4 11 2 11 0 11 -1 11 -3 10 -5 ]

CSI_DATA,AP,46:C6:EE:AC:4F:DC,-47,11,1,7,0,0,1,1,0,0,1,-96,1,6,0,21790064,0,130,0,0,21.9618,256,[-126 -96 7 0 -5 -16 -6 -16 -7 -16 -9 -16 -9 -15 -11 -15 -12 -15 -13 -15 -14 -15 -15 -15 -16 -15 -16 -14 -16 -15 -16 -16 -17 -16 -17 -16 -16 -17 -16 -17 -15 -17 -14 -17 -14 -17 -13 -17 -13 -17 -11 -17 -10 -18 0 0 0 0 0 0 0 0 0 0 0 0 0 0 0 0 0 0 0 0 0 0 14 -25 16 -24 17 -22 19 -21 19 -20 19 -19 20 -18 21 -18 20 -16 20 -15 19 -15 19 -14 18 -13 17 -12 16 -13 14 -13 13 -13 11 -13 10 -13 8 -14 7 -14 6 -15 4 -15 3 -15 1 -15 0 -15 ]

CSI_DATA,AP,46:C6:EE:AC:4F:DC,-48,11,1,7,0,0,1,1,0,0,1,-96,1,6,0,21869952,0,130,0,0,22.0416,256,[-126 -96 7 0 -18 -6 -19 -5 -19 -4 -21 -4 -21 -3 -22 -2 -22 -1 -23 -1 -24 -1 -25 0 -25 0 -25 1 -26 1 -26 0 -27 0 -27 0 -27 -2 -27 -2 -27 -3 -25 -3 -25 -4 -25 -5 -24 -5 -23 -7 -23 -8 0 0 0 0 0 0 0 0 0 0 0 0 0 0 0 0 0 0 0 0 0 0 -2 -26 0 -26 1 -26 3 -25 4 -24 4 -24 6 -23 5 -23 5 -21 4 -20 5 -19 6 -17 4 -18 3 -16 3 -16 1 -15 0 -14 -2 -14 -4 -12 -5 -12 -7 -12 -8 -11 -9 -11 -10 -10 -12 -9 -13 -8 ]

CSI_DATA,AP,14:85:7F:82:8E:F8,-77,11,0,0,0,0,0,0,0,0,0,-96,0,6,0,21946944,0,86,0,0,22.1188,128,[86 96 5 0 23 22 21 26 23 23 18 24 19 25 19 25 17 25 17 24 19 28 18 30 16 26 12 27 11 24 12 26 11 26 7 24 5 17 7 14 3 15 2 13 0 10 -1 6 -3 4 -1 4 -1 0 0 0 0 0 0 0 0 0 0 0 0 0 0 0 0 0 0 0 0 0 0 0 -11 12 -11 14 -13 14 -15 17 -12 14 -13 16 -15 20 -11 16 -12 19 -14 20 -9 25 -11 25 -8 23 -11 21 -1 24 -5 25 -4 22 0 23 1 17 6 19 3 9 9 13 11 16 16 13 16 15 20 20 ]

CSI_DATA,AP,46:C6:EE:AC:4F:DC,-40,11,1,7,0,0,1,1,0,0,1,-96,2,6,0,22035204,0,219,0,0,22.2071,256,[-37 48 13 0 13 19 14 19 14 19 15 19 15 18 16 17 16 17 16 17 17 17 17 17 17 17 17 17 17 17 17 18 17 18 16 18 15 18 15 19 14 19 13 19 12 19 11 19 10 19 9 20 7 20 0 0 0 0 0 0 0 0 0 0 0 0 0 0 0 0 0 0 0 0 0 0 5 16 4 16 3 16 2 16 2 16 1 16 2 17 1 17 1 17 1 16 1 17 1 17 2 17 2 17 3 17 3 18 4 18 5 18 6 18 6 18 8 18 9 19 9 20 10 19 10 19 11 19 ]

CSI_DATA,AP,46:C6:EE:AC:4F:DC,-40,11,1,7,0,0,1,1,0,0,1,-96,1,6,0,22035364,0,219,0,0,22.2146,256,[-37 48 13 0 15 17 16 17 16 17 16 17 17 17 17 16 17 16 18 16 18 16 19 15 19 16 18 16 18 16 18 16 18 17 17 17 16 18 16 18 14 18 13 18 13 18 12 18 11 18 9 19 8 19 0 0 0 0 0 0 0 0 0 0 0 0 0 0 0 0 0 0 0 0 0 0 8 14 7 15 5 15 5 15 4 15 4 16 4 16 4 16 4 16 4 16 4 16 4 16 4 16 4 16 5 17 6 17 6 17 7 17 8 17 9 17 10 18 11 18 11 18 12 18 13 18 13 18 ]

CSI_DATA,AP,46:C6:EE:AC:4F:DC,-40,11,1,7,0,0,1,1,0,0,1,-96,1,6,0,22035493,0,114,0,0,22.2216,256,[114 -96 6 0 -8 22 -8 22 -8 23 -7 23 -7 23 -6 23 -6 23 -5 24 -5 24 -5 24 -5 24 -5 24 -5 24 -5 24 -6 24 -7 24 -7 23 -8 23 -9 22 -9 21 -10 20 -10 20 -11 18 -12 18 -14 17 0 0 0 0 0 0 0 0 0 0 0 0 0 0 0 0 0 0 0 0 0 0 -9 14 -10 13 -11 12 -12 12 -12 12 -12 11 -12 12 -13 12 -12 12 -13 11 -13 11 -13 12 -13 12 -13 12 -13 13 -12 14 -12 14 -11 15 -11 15 -11 16 -11 17 -10 18 -11 19 -11 19 -10 20 -9 20 ]

CSI_DATA,AP,46:C6:EE:AC:4F:DC,-39,11,1,7,0,0,1,1,0,0,1,-96,1,6,0,22165712,0,124,0,0,22.3375,256,[124 64 7 0 25 -4 25 -5 25 -5 25 -6 25 -6 24 -7 25 -8 24 -9 25 -9 25 -10 25 -10 24 -9 25 -9 26 -9 25 -8 26 -7 25 -7 26 -6 25 -5 25 -4 23 -3 24 -2 23 -1 23 0 22 2 0 0 0 0 0 0 0 0 0 0 0 0 0 0 0 0 0 0 0 0 0 0 20 2 19 4 19 5 19 6 18 6 18 7 18 7 18 8 18 8 18 8 18 8 18 8 18 7 18 7 19 7 19 6 19 5 20 4 20 4 21 3 22 2 22 1 23 1 23 0 24 -1 24 -2 ]

CSI_DATA,AP,46:C6:EE:AC:4F:DC,-39,11,1,7,0,0,1,0,0,0,1,-96,0,6,0,22176563,0,94,0,0,22.3483,256,[94 96 5 0 -3 23 -2 25 -1 25 -1 25 0 25 0 24 0 24 1 25 1 25 2 25 3 26 3 24 2 25 1 25 1 25 1 25 -1 25 -2 25 -2 24 -4 23 -4 23 -5 23 -5 21 -7 21 -9 20 0 0 0 0 0 0 0 0 0 0 0 0 0 0 0 0 0 0 0 0 0 0 -6 18 -8 18 -9 17 -10 17 -10 16 -11 16 -11 16 -11 16 -11 15 -12 15 -12 15 -11 16 -11 15 -10 15 -11 17 -10 17 -10 18 -9 18 -9 18 -8 19 -7 20 -7 21 -6 21 -5 21 -5 22 -4 23 ]

CSI_DATA,AP,46:C6:EE:AC:4F:DC,-40,11,1,7,0,0,1,1,0,0,1,-96,1,6,0,22247064,0,114,0,0,22.4188,256,[114 -96 6 0 -25 3 -25 4 -25 5 -25 5 -25 6 -25 6 -25 7 -25 8 -26 8 -26 8 -26 8 -26 8 -26 8 -27 8 -26 7 -27 6 -26 5 -27 4 -26 3 -25 2 -25 1 -25 0 -24 -1 -24 -2 -23 -3 0 0 0 0 0 0 0 0 0 0 0 0 0 0 0 0 0 0 0 0 0 0 -18 -5 -18 -6 -18 -7 -17 -8 -17 -8 -16 -8 -17 -8 -16 -9 -16 -9 -17 -9 -16 -9 -16 -8 -17 -8 -17 -7 -17 -7 -18 -6 -18 -5 -19 -5 -19 -4 -20 -3 -21 -3 -22 -2 -22 -1 -22 -1 -23 0 -23 1 ]

CSI_DATA,AP,46:C6:EE:AC:4F:DC,-43,11,1,7,0,0,1,1,0,0,1,-96,1,6,0,22307320,0,114,0,0,22.4787,256,[114 -96 6 0 22 6 23 5 23 5 24 4 25 4 25 3 25 3 26 2 26 2 27 2 27 2 26 2 27 3 27 3 27 4 27 5 26 6 26 6 25 7 24 7 23 8 22 9 21 10 20 10 19 12 0 0 0 0 0 0 0 0 0 0 0 0 0 0 0 0 0 0 0 0 0 0 8 14 7 15 6 14 5 14 4 13 4 13 4 13 4 13 5 13 5 12 5 12 6 12 7 11 7 11 9 11 9 10 10 10 11 10 13 9 14 9 15 9 16 8 17 8 18 8 19 7 20 7 ]

CSI_DATA,AP,46:C6:EE:AC:4F:DC,-43,11,1,7,0,0,1,1,0,0,1,-96,1,6,0,22309133,0,129,0,0,22.4856,256,[-127 -112 7 0 -23 8 -23 9 -23 9 -23 10 -23 11 -22 11 -23 12 -23 12 -24 13 -24 13 -25 13 -24 12 -25 12 -25 13 -25 12 -26 11 -25 10 -26 9 -26 8 -25 7 -24 5 -25 4 -24 3 -24 2 -23 0 0 0 0 0 0 0 0 0 0 0 0 0 0 0 0 0 0 0 0 0 0 0 -16 -7 -15 -8 -14 -8 -13 -9 -13 -9 -12 -9 -12 -9 -12 -8 -12 -8 -12 -7 -12 -7 -13 -6 -13 -5 -13 -5 -14 -4 -15 -3 -15 -2 -16 -2 -16 -1 -17 0 -18 1 -19 2 -20 3 -20 4 -21 5 -21 6 ]

CSI_DATA,AP,46:C6:EE:AC:4F:DC,-42,11,1,7,0,0,1,1,0,0,1,-96,1,6,0,22325103,0,114,0,0,22.4968,256,[114 -96 6 0 23 6 24 5 24 5 25 4 25 4 25 3 26 3 26 3 27 2 27 2 27 2 27 2 28 3 28 4 27 4 27 6 26 6 26 7 25 8 24 9 23 9 22 10 21 10 20 12 19 13 0 0 0 0 0 0 0 0 0 0 0 0 0 0 0 0 0 0 0 0 0 0 9 13 7 13 6 13 6 13 6 12 5 12 5 13 6 12 6 12 6 11 7 11 7 11 8 10 9 10 10 9 11 10 11 9 12 9 14 8 14 8 16 8 17 8 18 8 19 7 20 7 21 6 ]

CSI_DATA,AP,46:C6:EE:AC:4F:DC,-43,11,1,7,0,0,1,1,0,0,1,-96,1,6,0,22325221,0,129,0,0,22.5039,256,[-127 -112 7 0 -5 26 -5 27 -4 28 -4 28 -3 28 -3 28 -2 28 -2 29 -2 30 -2 30 -2 31 -2 30 -2 30 -3 31 -4 31 -5 31 -6 30 -7 30 -8 29 -9 27 -9 26 -10 25 -11 24 -12 24 -14 22 0 0 0 0 0 0 0 0 0 0 0 0 0 0 0 0 0 0 0 0 0 0 -14 10 -15 9 -15 8 -15 7 -15 7 -14 6 -14 7 -14 7 -13 7 -13 7 -13 8 -12 9 -12 9 -12 10 -11 11 -11 13 -10 14 -10 15 -10 15 -9 17 -10 18 -9 19 -8 21 -8 22 -7 22 -6 24 ]

CSI_DATA,AP,46:C6:EE:AC:4F:DC,-44,11,1,7,0,0,1,0,0,0,1,-96,0,6,0,22421261,0,94,0,0,22.593,256,[94 96 5 0 17 14 18 14 19 14 19 14 20 14 20 13 21 13 21 12 22 13 22 13 22 13 22 13 22 13 23 14 22 14 21 15 20 16 20 16 19 16 17 17 16 16 15 17 14 17 13 18 11 18 0 0 0 0 0 0 0 0 0 0 0 0 0 0 0 0 0 0 0 0 0 0 2 16 1 15 0 15 0 15 -1 14 0 14 0 14 0 14 0 14 1 13 1 13 2 13 2 13 3 13 4 13 5 14 6 13 7 14 8 13 9 14 10 14 12 14 12 15 13 15 14 15 15 15 ]

CSI_DATA,AP,14:85:7F:81:BF:55,-77,11,0,0,0,0,0,0,0,0,0,-96,0,6,0,22999186,0,222,0,0,23.1714,128,[-34 -32 13 0 -24 3 -23 5 -19 6 -18 4 -14 6 -12 10 -10 9 -8 9 -10 11 -13 11 -11 10 -10 10 -8 11 -9 11 -9 9 -5 12 -5 9 -5 14 -4 7 -4 12 -6 13 -5 12 -10 9 -8 7 -6 5 0 0 0 0 0 0 0 0 0 0 0 0 0 0 0 0 0 0 0 0 0 0 -5 5 -8 5 -9 2 -9 3 -10 6 -11 4 -15 6 -10 6 -15 5 -21 7 -21 9 -23 9 -25 10 -27 12 -28 11 -31 13 -28 14 -30 12 -31 14 -33 16 -31 15 -31 17 -31 9 -35 10 -32 10 -36 8 ]

CSI_DATA,AP,46:C6:EE:AC:4F:DC,-43,11,1,7,0,0,1,0,0,0,1,-96,0,6,0,23169968,0,94,0,0,23.3418,256,[94 96 5 0 -24 12 -24 13 -25 14 -25 14 -25 15 -24 16 -24 16 -24 17 -25 18 -26 18 -26 18 -25 17 -25 18 -27 18 -27 17 -28 16 -27 15 -28 14 -28 13 -28 11 -27 10 -28 9 -27 8 -27 6 -27 4 0 0 0 0 0 0 0 0 0 0 0 0 0 0 0 0 0 0 0 0 0 0 -17 -8 -16 -9 -15 -10 -15 -10 -14 -9 -13 -9 -13 -9 -13 -9 -12 -8 -13 -7 -13 -6 -13 -6 -14 -4 -14 -4 -15 -2 -16 -1 -16 0 -17 1 -18 2 -19 3 -20 4 -21 5 -22 6 -22 7 -22 8 -22 9 ]

CSI_DATA,AP,46:C6:EE:AC:4F:DC,-44,11,1,7,0,0,1,1,0,0,1,-96,1,6,0,23170123,0,129,0,0,23.3499,256,[-127 -112 7 0 -24 7 -24 8 -24 8 -25 9 -25 10 -24 10 -25 11 -25 11 -25 12 -26 12 -26 12 -26 12 -26 12 -26 11 -27 11 -27 10 -27 9 -28 8 -27 7 -27 6 -26 4 -26 4 -25 3 -26 1 -25 0 0 0 0 0 0 0 0 0 0 0 0 0 0 0 0 0 0 0 0 0 0 0 -15 -10 -13 -11 -13 -11 -12 -11 -11 -10 -11 -11 -11 -10 -11 -10 -10 -9 -11 -8 -11 -7 -11 -7 -12 -6 -12 -5 -14 -5 -14 -4 -15 -3 -16 -2 -17 -1 -17 0 -19 1 -20 1 -20 2 -21 3 -22 4 -22 5 ]

CSI_DATA,AP,46:C6:EE:AC:4F:DC,-42,11,1,7,0,0,1,1,0,0,1,-96,1,6,0,23190785,0,129,0,0,23.3625,256,[-127 -112 7 0 -23 -10 -24 -9 -24 -8 -25 -8 -26 -8 -26 -7 -26 -7 -27 -6 -28 -5 -28 -5 -29 -5 -29 -5 -29 -5 -29 -6 -29 -7 -29 -8 -28 -8 -29 -10 -28 -10 -27 -11 -26 -12 -26 -12 -24 -13 -24 -14 -22 -16 0 0 0 0 0 0 0 0 0 0 0 0 0 0 0 0 0 0 0 0 0 0 -13 -18 -9 -21 -9 -20 -8 -20 -7 -20 -7 -20 -6 -21 -6 -21 -5 -19 -6 -19 -6 -19 -6 -18 -7 -17 -7 -17 -8 -16 -9 -16 -10 -15 -11 -15 -12 -14 -13 -13 -15 -14 -16 -13 -17 -13 -18 -12 -19 -11 -20 -11 ]

CSI_DATA,AP,46:C6:EE:AC:4F:DC,-42,11,1,7,0,0,1,1,0,0,1,-96,1,6,0,23236188,0,114,0,0,23.4079,256,[114 -96 6 0 -18 -14 -19 -13 -20 -14 -22 -12 -21 -13 -23 -12 -25 -12 -24 -11 -24 -11 -24 -12 -26 -10 -25 -10 -25 -10 -26 -11 -26 -12 -26 -13 -25 -13 -25 -14 -24 -15 -23 -15 -22 -16 -22 -17 -21 -17 -20 -18 -18 -19 0 0 0 0 0 0 0 0 0 0 0 0 0 0 0 0 0 0 0 0 0 0 -8 -22 -6 -23 -4 -22 -3 -22 -2 -22 -1 -22 -1 -22 0 -22 0 -21 0 -20 0 -20 -1 -20 -1 -19 -2 -18 -2 -18 -4 -18 -4 -17 -6 -17 -6 -16 -8 -17 -9 -17 -10 -15 -12 -16 -14 -16 -16 -15 -14 -16 ]

CSI_DATA,AP,46:C6:EE:AC:4F:DC,-43,11,1,7,0,0,1,0,0,0,1,-96,0,6,0,23601636,0,94,0,0,23.7734,256,[94 96 5 0 -18 16 -18 18 -17 18 -18 19 -17 20 -16 20 -16 21 -16 22 -15 22 -16 23 -16 23 -15 23 -16 24 -17 23 -18 24 -18 23 -19 22 -20 22 -20 20 -20 19 -20 18 -21 17 -21 16 -22 15 -23 13 0 0 0 0 0 0 0 0 0 0 0 0 0 0 0 0 0 0 0 0 0 0 -22 2 -23 0 -22 -1 -22 -2 -20 -3 -20 -3 -20 -3 -20 -4 -19 -3 -18 -3 -18 -2 -18 -2 -17 -1 -17 0 -18 1 -17 2 -18 3 -17 4 -18 6 -17 7 -18 8 -18 10 -18 11 -18 12 -18 13 -18 14 ]

CSI_DATA,AP,46:C6:EE:AC:4F:DC,-45,11,1,7,0,0,1,1,0,0,1,-96,1,6,0,23967433,0,116,0,0,24.1392,256,[116 -64 6 0 -23 11 -24 12 -24 12 -23 13 -24 13 -23 14 -23 14 -23 15 -23 15 -24 15 -23 15 -23 15 -23 15 -24 15 -24 14 -24 13 -24 12 -25 12 -24 11 -23 10 -23 9 -23 8 -23 7 -23 6 -23 5 0 0 0 0 0 0 0 0 0 0 0 0 0 0 0 0 0 0 0 0 0 0 -6 -6 -5 -6 -5 -5 -5 -4 -5 -3 -5 -3 -5 -2 -6 -1 -7 0 -8 1 -9 1 -10 2 -11 3 -12 3 -13 3 -14 4 -15 4 -16 5 -17 5 -18 6 -19 6 -20 7 -20 8 -21 8 -21 9 -22 10 ]

CSI_DATA,AP,46:C6:EE:AC:4F:DC,-46,11,1,7,0,0,1,1,0,0,1,-96,1,6,0,23986310,0,116,0,0,24.1581,256,[116 -64 6 0 24 -1 25 -1 24 -2 25 -2 25 -3 25 -3 25 -3 25 -4 25 -4 26 -5 26 -5 25 -5 26 -5 25 -3 26 -3 25 -3 25 -2 25 -1 24 0 23 0 23 1 22 1 22 2 22 3 21 4 0 0 0 0 0 0 0 0 0 0 0 0 0 0 0 0 0 0 0 0 0 0 2 6 2 6 2 3 1 1 2 3 0 4 3 2 4 2 5 2 6 2 8 1 9 1 10 1 11 1 12 1 13 2 14 2 15 2 16 1 17 1 18 1 19 1 19 1 21 0 22 0 23 -1 ]

CSI_DATA,AP,46:C6:EE:AC:4F:DC,-45,11,1,7,0,0,1,1,0,0,1,-96,1,6,0,24009665,0,121,0,0,24.1814,256,[121 16 7 0 25 4 26 4 26 3 27 3 27 2 26 2 27 2 27 1 27 1 27 1 28 2 27 1 28 2 27 2 28 2 27 3 26 4 27 5 25 5 24 5 23 6 23 7 22 7 22 9 21 9 0 0 0 0 0 0 0 0 0 0 0 0 0 0 0 0 0 0 0 0 0 0 1 7 0 6 1 5 1 5 2 4 2 4 3 4 4 4 5 3 7 3 7 3 9 4 10 3 11 4 13 4 13 4 14 5 15 5 17 5 18 5 19 5 20 5 20 5 22 5 22 5 23 4 ]

CSI_DATA,AP,46:C6:EE:AC:4F:DC,-46,11,1,7,0,0,1,1,0,0,1,-96,1,6,0,24019587,0,121,0,0,24.1913,256,[121 16 7 0 -1 -27 -1 -28 -1 -29 -2 -28 -2 -28 -3 -28 -3 -29 -4 -29 -4 -29 -4 -30 -5 -30 -4 -29 -4 -29 -4 -30 -3 -30 -3 -29 -1 -29 -1 -29 0 -28 1 -27 1 -26 2 -26 2 -25 4 -25 5 -24 0 0 0 0 0 0 0 0 0 0 0 0 0 0 0 0 0 0 0 0 0 0 6 -3 6 -3 6 -3 5 -3 4 -3 3 -4 3 -5 3 -6 2 -7 2 -8 2 -10 2 -11 2 -12 2 -13 2 -14 2 -16 2 -17 3 -18 2 -18 2 -20 2 -21 2 -22 2 -23 1 -24 1 -25 1 -25 ]

CSI_DATA,AP,46:C6:EE:AC:4F:DC,-45,11,1,7,0,0,1,0,0,0,1,-96,0,6,0,24174251,0,94,0,0,24.3461,256,[94 96 5 0 11 21 12 22 11 21 13 22 13 22 13 21 13 21 14 22 14 21 15 21 15 22 15 21 14 22 13 22 13 23 12 23 12 23 10 24 9 23 8 22 7 22 6 21 6 21 5 21 3 21 0 0 0 0 0 0 0 0 0 0 0 0 0 0 0 0 0 0 0 0 0 0 -5 10 -6 9 -6 8 -6 8 -5 8 -4 8 -4 8 -3 9 -3 9 -2 9 -1 10 -1 10 0 10 1 11 1 12 2 13 2 14 3 14 4 15 5 16 5 17 6 18 7 18 8 19 9 19 10 20 ]

CSI_DATA,AP,46:C6:EE:AC:4F:DC,-45,11,1,7,0,0,1,1,0,0,1,-96,1,6,0,24174497,0,124,0,0,24.3536,256,[124 64 7 0 -20 -20 -20 -20 -20 -21 -21 -20 -21 -20 -21 -20 -21 -20 -22 -20 -23 -20 -23 -19 -23 -20 -23 -19 -23 -20 -22 -20 -22 -21 -21 -21 -19 -22 -19 -22 -17 -23 -16 -22 -15 -22 -14 -22 -13 -22 -12 -22 -10 -22 0 0 0 0 0 0 0 0 0 0 0 0 0 0 0 0 0 0 0 0 0 0 1 -13 2 -12 2 -11 2 -11 2 -10 1 -11 1 -11 0 -11 -1 -11 -1 -11 -2 -11 -3 -12 -4 -12 -5 -13 -6 -14 -7 -15 -8 -15 -9 -16 -10 -16 -11 -16 -12 -17 -13 -18 -13 -18 -15 -18 -16 -19 -16 -19 ]

CSI_DATA,AP,46:C6:EE:AC:4F:DC,-44,11,1,7,0,0,1,1,0,0,1,-96,1,6,0,24238129,0,114,0,0,24.4099,256,[114 -96 6 0 -3 -31 -3 -31 -3 -32 -4 -32 -4 -32 -5 -32 -5 -32 -6 -32 -6 -33 -7 -33 -7 -33 -7 -32 -6 -32 -5 -33 -5 -33 -3 -33 -3 -32 -1 -33 0 -32 0 -30 1 -29 2 -29 2 -28 4 -28 6 -26 0 0 0 0 0 0 0 0 0 0 0 0 0 0 0 0 0 0 0 0 0 0 9 -8 9 -7 9 -7 9 -7 8 -7 7 -7 7 -8 6 -9 6 -9 5 -10 5 -11 4 -13 4 -13 4 -14 4 -16 3 -18 3 -18 3 -20 3 -20 2 -21 2 -24 1 -25 1 -26 0 -27 -1 -27 -1 -28 ]

CSI_DATA,AP,46:C6:EE:AC:4F:DC,-44,11,1,7,0,0,1,1,0,0,1,-96,1,6,0,24263770,0,114,0,0,24.4356,256,[114 -96 6 0 10 -24 10 -24 10 -26 10 -26 9 -26 8 -26 8 -27 8 -27 8 -28 8 -28 8 -28 8 -27 8 -27 9 -28 9 -27 10 -27 11 -25 11 -26 12 -25 12 -23 12 -22 13 -22 13 -20 14 -19 15 -18 0 0 0 0 0 0 0 0 0 0 0 0 0 0 0 0 0 0 0 0 0 0 10 0 9 0 9 0 8 0 8 -1 7 -1 7 -2 7 -3 7 -3 8 -5 7 -5 7 -7 8 -8 8 -8 9 -10 9 -11 9 -12 10 -13 10 -14 10 -15 10 -17 10 -18 10 -19 11 -20 11 -20 11 -22 ]

CSI_DATA,AP,46:C6:EE:AC:4F:DC,-47,11,1,6,0,0,1,1,0,0,0,-96,1,6,0,24388811,0,114,0,0,24.5606,256,[114 -96 6 0 -6 -23 -7 -25 -7 -25 -7 -26 -8 -25 -9 -25 -9 -25 -10 -26 -10 -26 -11 -27 -11 -27 -11 -26 -12 -27 -11 -27 -10 -28 -9 -26 -9 -27 -8 -27 -7 -27 -6 -26 -5 -25 -4 -25 -4 -24 -3 -25 -1 -24 0 0 0 0 0 0 0 0 0 0 0 0 0 0 0 0 0 0 0 0 0 0 9 1 9 2 8 2 7 2 6 2 5 1 5 0 4 0 3 -1 3 -2 2 -3 2 -5 2 -6 1 -7 1 -9 1 -10 0 -12 0 -12 0 -14 0 -15 -1 -16 -2 -17 -2 -18 -2 -19 -3 -20 -4 -22 ]

CSI_DATA,AP,46:C6:EE:AC:4F:DC,-47,11,1,6,0,0,1,1,0,0,0,-96,1,6,0,24388933,0,129,0,0,24.5686,256,[-127 -112 7 0 21 -8 23 -9 23 -10 24 -11 24 -11 23 -11 24 -12 24 -13 24 -13 24 -14 24 -14 23 -14 24 -14 24 -14 25 -13 25 -12 25 -12 25 -11 25 -10 24 -9 23 -8 23 -7 23 -7 23 -6 23 -4 0 0 0 0 0 0 0 0 0 0 0 0 0 0 0 0 0 0 0 0 0 0 -1 10 -1 9 -2 8 -2 7 -1 6 -1 6 -1 5 0 4 1 4 2 2 3 2 4 1 5 1 6 0 8 0 9 0 10 -1 11 -1 13 -2 14 -2 15 -3 16 -4 17 -4 18 -5 19 -6 20 -6 ]

CSI_DATA,AP,46:C6:EE:AC:4F:DC,-47,11,1,6,0,0,1,1,0,0,0,-96,1,6,0,24408624,0,129,0,0,24.5804,256,[-127 -112 7 0 10 -23 11 -24 10 -25 11 -26 11 -26 10 -26 10 -27 10 -27 9 -28 8 -29 8 -30 8 -29 9 -30 9 -29 10 -30 10 -28 11 -28 12 -28 13 -27 13 -25 13 -24 13 -23 13 -23 14 -22 15 -21 0 0 0 0 0 0 0 0 0 0 0 0 0 0 0 0 0 0 0 0 0 0 6 9 5 9 4 8 3 8 4 7 2 6 2 5 2 4 2 2 3 1 3 0 3 -2 4 -2 5 -4 6 -6 6 -7 7 -8 7 -9 8 -10 9 -11 10 -13 10 -14 10 -16 10 -17 10 -19 10 -20 ]

CSI_DATA,AP,46:C6:EE:AC:4F:DC,-47,11,1,6,0,0,1,1,0,0,0,-96,1,6,0,24408747,0,114,0,0,24.588,256,[114 -96 6 0 23 8 24 8 25 8 26 7 27 7 26 6 27 6 28 6 29 5 29 4 29 5 29 4 29 5 30 5 30 6 29 6 28 7 28 8 27 8 26 8 25 9 25 9 23 9 23 10 21 11 0 0 0 0 0 0 0 0 0 0 0 0 0 0 0 0 0 0 0 0 0 0 -9 7 -9 7 -8 5 -8 4 -7 4 -6 4 -6 3 -4 3 -3 3 -2 3 -1 3 1 4 2 4 4 4 5 5 7 6 8 6 9 7 10 7 12 7 13 8 15 8 16 8 17 8 19 8 20 8 ]

CSI_DATA,AP,46:C6:EE:AC:4F:DC,-47,11,1,6,0,0,1,1,0,0,0,-96,1,6,0,24441716,0,129,0,0,24.6135,256,[-127 -112 7 0 -24 -2 -25 -1 -25 -1 -26 -1 -26 0 -26 0 -27 1 -28 1 -28 2 -28 2 -29 2 -28 3 -29 2 -29 2 -29 2 -29 1 -28 0 -29 -1 -28 -2 -27 -2 -26 -2 -26 -3 -25 -3 -25 -5 -24 -6 0 0 0 0 0 0 0 0 0 0 0 0 0 0 0 0 0 0 0 0 0 0 6 -10 6 -9 6 -8 6 -7 5 -6 5 -6 4 -5 3 -4 2 -4 1 -3 0 -3 -2 -3 -4 -3 -5 -3 -6 -4 -8 -4 -9 -4 -10 -4 -12 -4 -13 -4 -15 -4 -16 -4 -17 -4 -18 -3 -20 -3 -20 -3 ]

CSI_DATA,AP,46:C6:EE:AC:4F:DC,-47,11,1,6,0,0,1,1,0,0,0,-96,1,6,0,24442010,0,114,0,0,24.6214,256,[114 -96 6 0 -19 -18 -20 -19 -20 -19 -21 -19 -22 -19 -23 -18 -23 -18 -25 -18 -25 -18 -26 -18 -26 -18 -26 -18 -26 -18 -26 -18 -26 -19 -25 -19 -25 -20 -24 -21 -23 -20 -22 -20 -21 -20 -20 -20 -19 -20 -18 -20 -16 -21 0 0 0 0 0 0 0 0 0 0 0 0 0 0 0 0 0 0 0 0 0 0 11 -2 11 -2 10 0 10 0 8 0 7 0 6 0 5 -1 4 -2 3 -2 1 -3 0 -4 -1 -5 -2 -5 -3 -7 -4 -9 -5 -10 -6 -11 -7 -11 -8 -12 -9 -13 -10 -14 -11 -15 -13 -16 -14 -16 -15 -17 ]

CSI_DATA,AP,46:C6:EE:AC:4F:DC,-48,11,1,6,0,0,1,1,0,0,0,-96,1,6,0,24465181,0,129,0,0,24.637,256,[-127 -112 7 0 -23 7 -24 7 -24 8 -25 9 -25 9 -25 10 -25 11 -25 12 -25 12 -26 13 -27 13 -26 13 -26 13 -26 13 -27 13 -27 12 -27 12 -27 11 -27 10 -26 9 -25 8 -26 7 -25 7 -25 6 -25 4 0 0 0 0 0 0 0 0 0 0 0 0 0 0 0 0 0 0 0 0 0 0 4 -11 4 -11 5 -9 4 -8 4 -7 4 -7 3 -6 2 -5 1 -4 0 -4 -1 -3 -2 -3 -4 -2 -5 -2 -7 -2 -8 -1 -10 -1 -11 -1 -12 0 -14 0 -15 1 -16 1 -17 2 -18 3 -19 3 -20 4 ]

CSI_DATA,AP,46:C6:EE:AC:4F:DC,-47,11,1,6,0,0,1,1,0,0,0,-96,1,6,0,24465305,0,114,0,0,24.6449,256,[114 -96 6 0 -14 -21 -14 -22 -15 -22 -16 -23 -17 -23 -18 -22 -18 -22 -19 -23 -20 -23 -21 -23 -21 -23 -21 -23 -21 -23 -21 -24 -21 -24 -20 -24 -19 -24 -19 -25 -18 -24 -17 -24 -16 -23 -15 -23 -14 -23 -13 -23 -12 -23 0 0 0 0 0 0 0 0 0 0 0 0 0 0 0 0 0 0 0 0 0 0 11 2 10 2 9 3 9 3 7 3 7 2 6 2 5 1 3 0 3 0 2 -2 1 -3 0 -4 -1 -5 -1 -7 -2 -8 -3 -10 -3 -11 -4 -12 -5 -13 -6 -15 -6 -16 -7 -17 -8 -18 -9 -18 -10 -19 ]

CSI_DATA,AP,46:C6:EE:AC:4F:DC,-51,11,1,6,0,0,1,1,0,0,0,-96,1,6,0,24633156,0,119,0,0,24.805,256,[119 -16 6 0 -11 -11 -12 -11 -14 -12 -15 -12 -16 -12 -17 -12 -19 -12 -20 -11 -21 -12 -23 -12 -24 -12 -24 -11 -24 -10 -26 -11 -25 -11 -26 -11 -26 -11 -26 -12 -26 -11 -25 -11 -24 -11 -24 -11 -23 -11 -23 -11 -22 -11 0 0 0 0 0 0 0 0 0 0 0 0 0 0 0 0 0 0 0 0 0 0 9 20 8 20 6 21 6 20 5 20 4 18 3 18 3 18 2 16 1 15 1 13 1 12 0 11 0 9 0 8 0 6 -1 4 -1 2 -1 1 -2 -1 -2 -2 -3 -3 -3 -5 -5 -6 -6 -7 -7 -9 ]

CSI_DATA,AP,46:C6:EE:AC:4F:DC,-50,11,1,6,0,0,1,0,0,0,0,-96,0,6,0,24646217,0,94,0,0,24.8179,256,[94 96 5 0 -6 -15 -7 -17 -8 -18 -9 -19 -10 -20 -11 -20 -12 -21 -14 -21 -15 -22 -17 -22 -18 -22 -19 -22 -20 -23 -20 -23 -21 -24 -20 -23 -20 -24 -20 -25 -19 -24 -19 -24 -18 -23 -18 -23 -18 -22 -18 -22 -17 -22 0 0 0 0 0 0 0 0 0 0 0 0 0 0 0 0 0 0 0 0 0 0 2 25 0 26 -1 24 -2 25 -3 23 -4 22 -5 22 -5 21 -5 18 -4 17 -4 16 -4 14 -4 13 -3 11 -3 9 -3 7 -2 5 -1 3 -1 2 -1 0 0 -2 -1 -3 -1 -5 -2 -7 -2 -9 -2 -11 ]

CSI_DATA,AP,46:C6:EE:AC:4F:DC,-50,11,1,6,0,0,1,1,0,0,0,-96,1,6,0,24646413,0,119,0,0,24.8259,256,[119 -16 6 0 -16 4 -17 5 -18 6 -19 7 -20 9 -20 10 -20 11 -22 13 -23 14 -22 15 -23 16 -23 17 -23 18 -24 18 -24 19 -24 20 -24 18 -24 19 -24 19 -24 18 -23 17 -23 18 -22 17 -22 17 -22 15 0 0 0 0 0 0 0 0 0 0 0 0 0 0 0 0 0 0 0 0 0 0 26 -1 25 1 24 2 23 3 23 4 22 4 21 4 20 5 19 5 17 5 16 4 14 4 12 4 10 4 9 3 7 2 5 1 4 1 1 0 0 0 -2 0 -4 0 -5 0 -7 0 -9 1 -10 2 ]

CSI_DATA,AP,14:85:7F:81:BF:55,-77,11,0,0,0,0,0,0,0,0,0,-96,0,6,0,24965254,0,222,0,0,25.1374,128,[-34 -32 13 0 22 -32 15 -26 11 -26 10 -19 5 -18 4 -19 3 -17 -1 -19 -3 -18 -4 -16 -2 -16 2 -18 -2 -14 -4 -16 -8 -14 -5 -11 -6 -13 -7 -12 -8 -10 -8 -14 -4 -15 -3 -13 -1 -12 -1 -11 0 -8 0 0 0 0 0 0 0 0 0 0 0 0 0 0 0 0 0 0 0 0 0 0 1 -8 2 -4 5 -10 4 -11 2 -9 2 -10 4 -17 7 -15 7 -18 6 -20 10 -25 9 -31 10 -30 10 -31 13 -30 9 -36 7 -33 12 -33 15 -34 12 -41 13 -36 16 -40 13 -35 18 -39 19 -37 16 -33 ]

CSI_DATA,AP,46:C6:EE:AC:4F:DC,-47,11,1,3,0,0,1,0,0,0,0,-96,0,6,0,25188208,0,94,0,0,25.36,256,[94 96 5 0 -13 -7 -12 -7 -10 -6 -9 -5 -7 -5 -6 -5 -5 -5 -4 -5 -3 -4 -2 -4 -1 -4 0 -4 0 -4 1 -4 2 -4 2 -4 3 -4 3 -4 3 -4 4 -4 3 -4 3 -4 3 -4 3 -3 3 -3 0 0 0 0 0 0 0 0 0 0 0 0 0 0 0 0 0 0 0 0 0 0 -27 -18 -28 -20 -27 -21 -27 -22 -27 -22 -28 -23 -27 -22 -27 -23 -27 -23 -26 -23 -26 -24 -26 -24 -25 -22 -24 -22 -23 -20 -23 -20 -22 -19 -22 -17 -21 -16 -21 -14 -21 -13 -20 -12 -21 -12 -20 -11 -19 -10 -17 -9 ]

CSI_DATA,AP,46:C6:EE:AC:4F:DC,-47,11,1,3,0,0,1,0,0,0,0,-96,0,6,0,25276435,0,94,0,0,25.4483,256,[94 96 5 0 -9 -14 -8 -13 -6 -12 -6 -10 -5 -9 -4 -8 -3 -8 -2 -7 -1 -6 -1 -6 0 -5 0 -5 1 -4 2 -4 2 -4 2 -3 3 -3 3 -3 4 -3 4 -2 3 -2 3 -2 3 -2 3 -2 3 -2 0 0 0 0 0 0 0 0 0 0 0 0 0 0 0 0 0 0 0 0 0 0 -14 -28 -14 -30 -12 -29 -12 -31 -12 -31 -12 -33 -11 -31 -12 -33 -11 -32 -11 -32 -11 -32 -11 -32 -11 -30 -10 -30 -10 -29 -10 -28 -10 -27 -10 -25 -11 -24 -11 -23 -11 -22 -11 -21 -12 -21 -12 -19 -12 -19 -11 -18 ]

CSI_DATA,AP,46:C6:EE:AC:4F:DC,-43,11,1,3,0,0,1,1,0,0,0,-96,1,6,0,26083505,0,110,0,0,26.2554,256,[110 96 6 0 23 17 24 17 24 17 24 16 24 16 24 15 25 15 25 14 25 14 25 14 26 13 25 13 25 12 26 12 26 12 24 12 24 11 24 11 22 10 23 10 21 9 21 9 19 8 20 9 19 9 0 0 0 0 0 0 0 0 0 0 0 0 0 0 0 0 0 0 0 0 0 0 -1 -8 0 -9 0 -8 1 -8 2 -7 3 -7 4 -6 5 -5 6 -4 7 -3 8 -2 9 -1 9 0 9 2 10 3 11 4 11 6 12 7 13 7 14 9 15 9 16 10 18 12 19 13 20 14 22 15 ]

CSI_DATA,AP,46:C6:EE:AC:4F:DC,-41,11,1,3,0,0,1,1,0,0,0,-96,1,6,0,26253015,0,124,0,0,26.4248,256,[124 64 7 0 -32 9 -32 8 -33 8 -31 8 -31 8 -30 9 -30 10 -30 10 -30 10 -30 10 -29 10 -28 10 -28 10 -29 10 -28 10 -28 8 -26 9 -26 8 -25 7 -25 7 -23 7 -23 7 -22 6 -23 6 -22 5 0 0 0 0 0 0 0 0 0 0 0 0 0 0 0 0 0 0 0 0 0 0 2 -3 1 -2 1 -1 0 0 -1 0 -1 1 -2 2 -3 2 -4 2 -6 3 -7 3 -9 4 -10 4 -12 4 -13 4 -15 4 -16 4 -17 4 -19 5 -20 6 -21 6 -23 6 -25 7 -27 8 -28 8 -28 9 ]

CSI_DATA,AP,46:C6:EE:AC:4F:DC,-41,11,1,3,0,0,1,1,0,0,0,-96,1,6,0,26253162,0,114,0,0,26.4324,256,[114 -96 6 0 -28 -4 -28 -4 -29 -4 -27 -4 -27 -4 -27 -3 -27 -3 -26 -3 -27 -3 -27 -3 -26 -2 -26 -2 -25 -2 -27 -2 -25 -2 -25 -3 -23 -3 -23 -3 -22 -3 -22 -3 -21 -3 -21 -3 -19 -3 -20 -3 -19 -4 0 0 0 0 0 0 0 0 0 0 0 0 0 0 0 0 0 0 0 0 0 0 2 -1 1 -1 1 0 0 0 -1 0 -2 0 -3 1 -4 0 -5 1 -6 0 -7 0 -8 0 -10 0 -11 -1 -12 -1 -13 -2 -14 -2 -15 -3 -16 -2 -18 -3 -19 -3 -20 -3 -22 -3 -24 -3 -24 -3 -25 -4 ]

CSI_DATA,AP,46:C6:EE:AC:4F:DC,-41,11,1,3,0,0,1,0,0,0,0,-96,0,6,0,26253325,0,94,0,0,26.4399,256,[94 96 5 0 -31 5 -31 5 -31 5 -30 6 -29 6 -29 7 -29 7 -29 7 -29 7 -29 7 -28 7 -27 7 -27 7 -28 7 -27 7 -26 6 -25 6 -25 6 -23 5 -24 6 -23 5 -22 5 -21 4 -22 4 -21 3 0 0 0 0 0 0 0 0 0 0 0 0 0 0 0 0 0 0 0 0 0 0 2 -2 2 -2 1 -1 0 0 -1 1 -1 1 -2 1 -3 2 -4 2 -6 3 -7 2 -9 2 -10 3 -11 3 -13 3 -14 2 -16 3 -16 3 -18 3 -19 4 -20 4 -22 4 -24 5 -25 5 -27 5 -28 5 ]

CSI_DATA,AP,46:C6:EE:AC:4F:DC,-35,11,1,3,0,0,1,0,0,0,0,-96,0,6,0,26563862,0,94,0,0,26.7357,256,[94 96 5 0 32 1 31 1 31 1 30 1 29 0 29 0 29 0 27 0 28 -1 28 -1 27 -1 26 -1 26 0 27 -1 26 0 25 1 24 1 24 1 22 1 23 1 21 2 21 2 19 2 20 3 19 4 0 0 0 0 0 0 0 0 0 0 0 0 0 0 0 0 0 0 0 0 0 0 9 2 10 2 9 2 10 2 11 2 12 2 12 2 13 1 14 2 15 1 16 2 16 1 17 1 18 2 19 2 20 2 21 2 22 2 23 1 24 2 25 1 26 1 29 0 29 0 30 1 30 1 ]

CSI_DATA,AP,14:85:7F:82:8E:F8,-81,11,0,0,0,0,0,0,0,0,0,-96,0,6,0,26948465,0,222,0,0,27.1206,128,[-34 -32 13 0 -17 -15 -2 -24 -10 -28 5 -27 -6 -31 2 -23 5 -32 0 -28 2 -36 -6 -39 9 -33 -1 -42 5 -36 3 -43 -1 -40 9 -30 2 -31 0 -23 5 -22 3 -25 0 -16 6 -19 -2 -13 1 -7 -4 -10 0 0 0 0 0 0 0 0 0 0 0 0 0 0 0 0 0 0 0 0 0 0 15 -2 15 2 18 4 21 4 18 1 15 4 25 2 17 0 22 4 19 -1 8 8 12 -5 9 1 15 4 5 -9 2 -8 6 -14 -6 -3 -2 -10 -4 -7 -8 0 -6 -11 -13 -10 -13 -9 -9 -10 -14 -15 ]

CSI_DATA,AP,46:C6:EE:AC:4F:DC,-38,11,1,3,0,0,1,0,0,0,0,-96,0,6,0,27257595,0,94,0,0,27.4294,256,[94 96 5 0 29 -11 29 -11 28 -11 28 -11 26 -11 26 -12 25 -11 25 -12 24 -12 24 -12 23 -12 22 -11 22 -11 23 -11 23 -10 21 -9 20 -10 20 -9 19 -8 19 -9 18 -8 17 -8 17 -7 18 -7 17 -6 0 0 0 0 0 0 0 0 0 0 0 0 0 0 0 0 0 0 0 0 0 0 6 -3 7 -3 7 -4 8 -3 8 -4 9 -5 9 -5 11 -6 12 -6 13 -6 14 -6 16 -7 17 -7 17 -7 19 -8 19 -7 21 -7 22 -8 22 -9 23 -8 23 -9 25 -9 26 -10 28 -10 28 -11 28 -12 ]

CSI_DATA,AP,46:C6:EE:AC:4F:DC,-39,11,1,3,0,0,1,0,0,0,0,-96,0,6,0,27846643,0,94,0,0,28.0185,256,[94 96 5 0 6 -33 6 -33 6 -33 6 -32 6 -31 5 -31 5 -30 4 -30 3 -30 3 -29 3 -29 3 -27 3 -27 3 -27 3 -27 4 -25 4 -24 4 -24 4 -22 4 -22 3 -21 4 -20 4 -18 4 -19 5 -18 0 0 0 0 0 0 0 0 0 0 0 0 0 0 0 0 0 0 0 0 0 0 2 -6 3 -7 2 -7 2 -8 2 -8 2 -10 2 -10 2 -12 2 -13 2 -14 3 -16 3 -17 3 -17 4 -18 4 -20 4 -21 5 -23 5 -23 5 -24 5 -25 5 -26 5 -27 5 -30 5 -31 5 -31 5 -33 ]

CSI_DATA,AP,46:C6:EE:AC:4F:DC,-44,11,1,4,0,0,1,0,0,0,0,-96,0,6,0,28194007,0,94,0,0,28.3658,256,[94 96 5 0 25 10 26 10 26 10 27 10 27 9 27 8 27 8 27 8 27 8 28 8 28 8 27 8 27 8 26 9 27 9 26 10 25 11 24 11 23 11 22 11 21 11 20 12 19 12 18 13 17 14 0 0 0 0 0 0 0 0 0 0 0 0 0 0 0 0 0 0 0 0 0 0 1 7 1 7 1 6 2 6 2 5 3 6 4 6 5 5 6 6 7 5 8 6 9 7 10 7 11 7 13 8 13 8 14 9 15 9 17 9 17 9 19 10 20 10 20 10 22 10 23 10 23 10 ]

CSI_DATA,AP,46:C6:EE:AC:4F:DC,-44,11,1,4,0,0,1,1,0,0,0,-96,1,6,0,28194154,0,219,0,0,28.373,256,[-37 48 13 0 17 19 17 19 18 19 18 19 19 18 19 18 19 18 19 18 20 18 20 18 20 18 19 17 19 18 19 18 19 18 18 19 16 18 16 19 15 19 13 18 13 18 12 18 11 18 10 18 9 18 0 0 0 0 0 0 0 0 0 0 0 0 0 0 0 0 0 0 0 0 0 0 -2 7 -2 7 -2 6 -1 6 -1 6 0 6 1 7 2 7 3 8 3 8 4 9 5 10 5 10 6 11 7 12 8 13 8 14 9 14 9 14 10 15 11 16 12 16 12 17 13 17 14 17 15 18 ]

CSI_DATA,AP,46:C6:EE:AC:4F:DC,-44,11,1,4,0,0,1,1,0,0,0,-96,1,6,0,28248503,0,114,0,0,28.4201,256,[114 -96 6 0 -10 -27 -10 -28 -10 -28 -11 -28 -11 -28 -12 -27 -12 -28 -13 -28 -13 -28 -13 -28 -14 -28 -13 -27 -13 -28 -12 -27 -12 -28 -11 -27 -9 -27 -9 -27 -8 -27 -7 -26 -6 -25 -5 -25 -5 -24 -3 -24 -2 -24 0 0 0 0 0 0 0 0 0 0 0 0 0 0 0 0 0 0 0 0 0 0 4 -7 4 -7 4 -6 3 -7 3 -7 2 -8 1 -8 0 -9 0 -10 0 -11 -1 -12 -1 -13 -2 -14 -2 -15 -2 -17 -2 -17 -3 -19 -3 -19 -4 -20 -4 -21 -5 -22 -5 -23 -6 -24 -7 -24 -7 -25 -8 -26 ]

CSI_DATA,AP,46:C6:EE:AC:4F:DC,-46,11,1,4,0,0,1,1,0,0,0,-96,1,6,0,28368650,0,114,0,0,28.5405,256,[114 -96 6 0 -18 19 -18 20 -17 21 -17 21 -17 22 -16 22 -16 23 -16 23 -17 24 -17 25 -16 25 -16 24 -16 24 -16 25 -17 25 -17 24 -17 23 -18 23 -17 22 -17 21 -17 19 -18 19 -18 17 -18 17 -18 15 0 0 0 0 0 0 0 0 0 0 0 0 0 0 0 0 0 0 0 0 0 0 0 -7 1 -7 1 -6 1 -5 1 -4 1 -3 0 -2 0 -1 -1 0 -3 1 -3 2 -4 3 -6 4 -7 5 -8 6 -9 6 -10 7 -11 8 -12 8 -12 10 -13 11 -14 12 -15 13 -15 13 -16 15 -16 16 ]

CSI_DATA,AP,46:C6:EE:AC:4F:DC,-42,11,1,4,0,0,1,1,0,0,0,-96,1,6,0,28712022,0,129,0,0,28.8837,256,[-127 -112 7 0 26 -4 28 -4 27 -5 29 -6 29 -6 28 -7 28 -7 28 -8 28 -8 29 -8 29 -8 29 -8 30 -8 29 -7 30 -6 29 -5 30 -4 30 -3 29 -2 27 -1 26 0 26 1 25 2 25 3 24 5 0 0 0 0 0 0 0 0 0 0 0 0 0 0 0 0 0 0 0 0 0 0 14 9 14 11 12 10 12 11 11 11 11 11 11 10 11 10 11 9 11 8 11 8 12 8 12 7 13 6 14 7 16 2 17 4 17 2 19 2 19 2 21 2 21 1 22 0 23 0 24 -1 25 -2 ]

CSI_DATA,AP,46:C6:EE:AC:4F:DC,-42,11,1,4,0,0,1,1,0,0,0,-96,1,6,0,28712154,0,114,0,0,28.8914,256,[114 -96 6 0 15 18 16 19 17 19 17 19 18 19 17 18 18 18 19 18 19 18 20 18 20 19 20 18 19 19 19 19 18 19 18 20 16 20 16 21 14 21 13 21 12 21 11 21 10 20 9 21 7 21 0 0 0 0 0 0 0 0 0 0 0 0 0 0 0 0 0 0 0 0 0 0 0 16 -2 16 -3 15 -3 15 -3 14 -3 14 -3 14 -3 14 -2 13 -2 13 -1 13 0 13 0 13 1 13 2 14 2 16 3 15 6 15 7 15 6 16 8 17 9 17 10 18 11 17 12 18 13 18 ]

CSI_DATA,AP,46:C6:EE:AC:4F:DC,-40,11,1,5,0,0,1,1,0,0,0,-96,2,6,0,28731364,0,129,0,0,28.9031,256,[-127 -112 7 0 4 -25 3 -26 3 -26 3 -26 3 -26 3 -26 3 -26 2 -26 2 -27 1 -27 2 -27 1 -26 2 -27 3 -26 3 -27 4 -26 5 -25 6 -25 7 -24 7 -22 8 -21 8 -21 8 -20 10 -19 11 -18 0 0 0 0 0 0 0 0 0 0 0 0 0 0 0 0 0 0 0 0 0 0 7 -13 8 -12 8 -12 9 -12 8 -11 8 -11 8 -11 9 -12 8 -12 9 -12 8 -13 8 -13 8 -14 8 -14 8 -15 8 -16 7 -17 7 -17 7 -18 7 -18 7 -20 6 -21 6 -21 6 -22 5 -23 5 -24 ]

CSI_DATA,AP,46:C6:EE:AC:4F:DC,-40,11,1,5,0,0,1,1,0,0,0,-96,1,6,0,28758387,0,129,0,0,28.9301,256,[-127 -112 7 0 24 9 24 9 25 9 25 9 25 8 25 8 25 8 25 7 26 7 26 7 26 7 25 7 25 7 25 8 25 8 24 9 23 10 23 11 22 11 20 11 19 11 19 12 17 13 16 13 15 14 0 0 0 0 0 0 0 0 0 0 0 0 0 0 0 0 0 0 0 0 0 0 10 10 9 10 8 10 8 10 8 10 8 10 9 11 9 11 9 10 10 10 10 11 11 11 11 11 12 10 13 11 14 11 14 11 15 11 16 11 17 11 18 11 19 10 20 11 20 11 22 10 22 10 ]

CSI_DATA,AP,46:C6:EE:AC:4F:DC,-40,11,1,5,0,0,1,1,0,0,0,-96,1,6,0,28758520,0,114,0,0,28.9374,256,[114 -96 6 0 3 28 4 28 4 28 5 28 5 29 6 27 6 28 7 28 7 28 7 28 7 28 7 28 7 28 5 28 5 28 4 28 3 27 2 28 1 26 0 26 -1 24 -2 24 -2 23 -4 23 -5 22 0 0 0 0 0 0 0 0 0 0 0 0 0 0 0 0 0 0 0 0 0 0 -4 14 -5 14 -6 13 -6 13 -6 13 -5 13 -5 14 -5 15 -5 15 -5 15 -5 16 -4 16 -4 17 -4 17 -4 18 -4 19 -3 20 -3 21 -2 21 -2 22 -1 23 0 24 0 25 1 25 1 26 3 27 ]

CSI_DATA,AP,46:C6:EE:AC:4F:DC,-40,11,1,5,0,0,1,1,0,0,0,-96,1,6,0,28777180,0,129,0,0,28.9489,256,[-127 -112 7 0 -15 21 -15 22 -15 23 -15 23 -14 23 -12 23 -12 23 -13 24 -13 24 -13 24 -13 24 -13 23 -13 23 -13 23 -14 23 -14 22 -15 21 -15 21 -15 20 -15 18 -15 17 -16 16 -16 15 -17 14 -17 12 0 0 0 0 0 0 0 0 0 0 0 0 0 0 0 0 0 0 0 0 0 0 -12 6 -12 6 -12 5 -13 5 -12 5 -12 5 -12 6 -12 6 -12 7 -13 7 -13 8 -13 8 -14 9 -14 9 -14 10 -15 11 -15 12 -15 13 -15 13 -15 14 -15 15 -15 16 -15 17 -16 18 -16 18 -15 20 ]

CSI_DATA,AP,46:C6:EE:AC:4F:DC,-40,11,1,5,0,0,1,1,0,0,0,-96,1,6,0,28777306,0,114,0,0,28.957,256,[114 -96 6 0 -26 -7 -27 -7 -26 -6 -27 -6 -27 -5 -26 -5 -27 -4 -27 -4 -27 -4 -27 -4 -28 -4 -27 -4 -28 -4 -27 -5 -27 -5 -26 -6 -25 -7 -25 -8 -24 -8 -23 -8 -22 -9 -21 -9 -20 -10 -20 -10 -18 -12 0 0 0 0 0 0 0 0 0 0 0 0 0 0 0 0 0 0 0 0 0 0 -11 -9 -10 -10 -10 -9 -10 -10 -9 -9 -10 -10 -10 -10 -11 -10 -11 -9 -12 -9 -12 -10 -13 -10 -14 -9 -14 -9 -16 -10 -16 -10 -17 -10 -17 -10 -18 -9 -19 -9 -21 -9 -21 -9 -22 -9 -23 -8 -24 -8 -24 -8 ]

CSI_DATA,AP,46:C6:EE:AC:4F:DC,-40,11,1,6,0,0,1,0,0,0,0,-96,0,6,0,28901380,0,94,0,0,29.0732,256,[94 96 5 0 -8 27 -7 28 -7 28 -7 29 -6 29 -5 28 -5 28 -5 29 -5 29 -4 29 -4 29 -4 28 -4 28 -5 28 -6 28 -6 27 -7 27 -8 26 -8 25 -8 23 -8 22 -9 22 -9 20 -10 20 -11 19 0 0 0 0 0 0 0 0 0 0 0 0 0 0 0 0 0 0 0 0 0 0 -6 6 -6 6 -7 6 -7 6 -6 7 -6 8 -6 9 -6 10 -6 10 -7 11 -7 12 -7 14 -8 14 -8 14 -9 16 -9 17 -9 18 -9 19 -9 20 -9 20 -9 21 -9 22 -9 23 -8 24 -8 25 -8 26 ]

CSI_DATA,AP,46:C6:EE:AC:4F:DC,-43,11,1,6,0,0,1,1,0,0,0,-96,1,6,0,29233021,0,124,0,0,29.4048,256,[124 64 7 0 11 26 10 26 12 26 12 25 12 26 12 25 13 24 13 23 13 24 13 24 13 24 13 23 13 24 13 24 12 24 11 24 11 23 11 23 9 22 8 22 8 21 7 21 7 21 6 21 5 21 0 0 0 0 0 0 0 0 0 0 0 0 0 0 0 0 0 0 0 0 0 0 0 5 0 6 1 5 0 8 0 5 3 9 3 8 4 10 4 10 4 11 5 13 5 14 4 16 4 15 5 18 4 18 5 20 5 20 6 20 6 21 6 22 7 22 7 23 8 24 8 25 9 25 ]

CSI_DATA,AP,46:C6:EE:AC:4F:DC,-43,11,1,6,0,0,1,0,0,0,0,-96,0,6,0,29233163,0,102,0,0,29.412,256,[102 -32 5 0 -10 26 -9 27 -9 27 -9 27 -8 27 -7 26 -7 27 -7 27 -7 27 -6 28 -6 27 -6 27 -6 27 -7 26 -7 26 -7 25 -8 24 -8 24 -8 23 -8 22 -8 21 -9 21 -9 20 -10 20 -11 19 0 0 0 0 0 0 0 0 0 0 0 0 0 0 0 0 0 0 0 0 0 0 -4 4 -4 4 -4 5 -4 6 -4 6 -4 7 -4 9 -4 10 -5 11 -6 11 -6 13 -7 14 -8 14 -8 15 -9 16 -9 17 -10 18 -10 19 -10 19 -10 20 -11 21 -10 22 -11 23 -11 23 -10 24 -10 25 ]

CSI_DATA,AP,46:C6:EE:AC:4F:DC,-41,11,1,6,0,0,1,0,0,0,0,-96,0,6,0,29617504,0,102,0,0,29.7893,256,[102 -32 5 0 27 2 28 2 27 2 28 1 28 1 27 0 27 0 27 0 27 -1 27 -1 27 0 27 -1 27 0 26 0 26 1 25 2 25 2 25 3 24 3 22 4 21 4 21 5 20 6 20 6 19 8 0 0 0 0 0 0 0 0 0 0 0 0 0 0 0 0 0 0 0 0 0 0 10 4 10 5 10 4 11 5 10 5 11 5 12 5 13 5 13 5 14 4 15 5 15 5 16 5 17 5 18 5 19 5 20 5 20 5 21 5 22 4 23 4 24 4 24 4 25 4 26 4 26 3 ]

CSI_DATA,AP,46:C6:EE:AC:4F:DC,-41,11,1,7,0,0,1,1,0,0,0,-96,1,6,0,29935128,0,116,0,0,30.107,256,[116 -64 6 0 -11 -30 -12 -30 -12 -30 -12 -30 -12 -30 -13 -29 -13 -29 -13 -29 -13 -29 -14 -28 -14 -28 -14 -27 -13 -27 -12 -28 -12 -27 -11 -27 -9 -26 -9 -27 -8 -26 -7 -25 -6 -24 -5 -24 -5 -23 -3 -24 -2 -23 0 0 0 0 0 0 0 0 0 0 0 0 0 0 0 0 0 0 0 0 0 0 -2 -14 -2 -14 -1 -14 -1 -14 -1 -15 -2 -15 -2 -16 -2 -17 -3 -18 -3 -18 -3 -19 -3 -20 -3 -21 -3 -21 -4 -22 -4 -24 -5 -24 -5 -25 -5 -25 -6 -25 -7 -27 -7 -28 -8 -28 -9 -28 -10 -29 -10 -30 ]

CSI_DATA,AP,14:85:7F:81:BF:55,-76,11,0,0,0,0,0,0,0,0,0,-96,0,6,0,29950552,0,222,0,0,30.1224,128,[-34 -32 13 0 -23 13 -20 12 -17 9 -15 9 -11 11 -12 9 -8 10 -7 12 -7 10 -7 12 -9 9 -7 10 -7 12 -4 9 -3 11 -2 9 -2 8 0 11 -4 10 -5 10 -7 11 -7 10 -6 10 -5 7 -8 7 0 0 0 0 0 0 0 0 0 0 0 0 0 0 0 0 0 0 0 0 0 0 -6 8 -8 8 -11 9 -11 9 -14 11 -13 9 -15 12 -16 10 -20 12 -22 15 -26 18 -27 24 -29 19 -32 18 -30 16 -30 22 -29 18 -28 21 -32 23 -29 21 -30 20 -28 18 -26 18 -30 20 -29 20 -28 15 ]

CSI_DATA,AP,46:C6:EE:AC:4F:DC,-41,11,1,7,0,0,1,1,0,0,0,-96,1,6,0,29955598,0,116,0,0,30.1305,256,[116 -64 6 0 -4 -28 -4 -28 -4 -28 -4 -28 -4 -28 -4 -27 -5 -27 -5 -28 -5 -28 -5 -28 -5 -28 -5 -26 -4 -26 -3 -26 -4 -25 -4 -26 0 -25 -1 -24 1 -24 1 -22 2 -20 3 -22 2 -21 4 -20 5 -21 0 0 0 0 0 0 0 0 0 0 0 0 0 0 0 0 0 0 0 0 0 0 2 -13 1 -11 -1 -12 1 -11 2 -13 0 -12 1 -14 0 -15 -1 -17 -2 -16 1 -17 0 -19 1 -18 1 -19 1 -20 -1 -20 -1 -23 -2 -23 1 -23 -1 -22 -1 -23 -1 -25 -2 -26 -2 -26 -3 -26 -3 -27 ]

CSI_DATA,AP,46:C6:EE:AC:4F:DC,-41,11,1,7,0,0,1,1,0,0,0,-96,1,6,0,30008508,0,121,0,0,30.1804,256,[121 16 7 0 -26 -9 -26 -9 -26 -9 -26 -9 -26 -8 -26 -8 -25 -8 -25 -8 -26 -7 -26 -8 -26 -8 -25 -8 -25 -8 -24 -8 -24 -9 -23 -10 -22 -10 -22 -10 -20 -10 -19 -11 -19 -11 -18 -11 -17 -11 -16 -12 -15 -13 0 0 0 0 0 0 0 0 0 0 0 0 0 0 0 0 0 0 0 0 0 0 -10 -6 -10 -7 -10 -7 -10 -7 -10 -7 -11 -7 -12 -7 -13 -8 -13 -7 -14 -8 -14 -9 -15 -9 -15 -9 -16 -9 -17 -10 -18 -10 -18 -10 -18 -10 -19 -10 -20 -9 -21 -10 -22 -10 -22 -10 -23 -10 -24 -10 -24 -10 ]

CSI_DATA,AP,46:C6:EE:AC:4F:DC,-41,11,1,7,0,0,1,1,0,0,0,-96,1,6,0,30035023,0,121,0,0,30.2068,256,[121 16 7 0 -30 -2 -31 -1 -30 -1 -31 -1 -30 0 -30 0 -29 0 -29 1 -29 1 -29 1 -30 1 -28 1 -29 0 -28 0 -28 -1 -27 -1 -27 -2 -27 -3 -25 -4 -24 -4 -23 -5 -22 -5 -22 -6 -21 -7 -20 -8 0 0 0 0 0 0 0 0 0 0 0 0 0 0 0 0 0 0 0 0 0 0 -12 -4 -13 -4 -12 -4 -13 -4 -13 -4 -13 -4 -14 -4 -15 -4 -15 -4 -16 -4 -17 -4 -18 -4 -19 -4 -20 -5 -21 -5 -21 -5 -22 -5 -23 -4 -24 -4 -24 -4 -26 -3 -27 -3 -27 -3 -28 -2 -29 -2 -29 -2 ]

CSI_DATA,AP,46:C6:EE:AC:4F:DC,-43,11,1,7,0,0,1,0,0,0,0,-96,0,6,0,30206533,0,94,0,0,30.3783,256,[94 96 5 0 5 -29 5 -29 5 -30 5 -30 5 -30 3 -29 3 -29 3 -29 3 -29 3 -30 3 -30 2 -28 3 -28 3 -28 4 -28 4 -27 5 -27 6 -27 6 -25 7 -24 7 -22 7 -22 7 -21 8 -20 9 -19 0 0 0 0 0 0 0 0 0 0 0 0 0 0 0 0 0 0 0 0 0 0 5 -7 5 -7 5 -8 5 -8 5 -8 5 -9 5 -10 5 -11 5 -12 5 -13 5 -14 6 -15 6 -15 7 -16 7 -17 7 -18 7 -19 7 -20 7 -21 7 -22 7 -23 7 -24 7 -25 6 -26 6 -27 6 -27 ]

CSI_DATA,AP,46:C6:EE:AC:4F:DC,-43,11,1,7,0,0,1,1,0,0,1,-96,1,6,0,30246404,0,114,0,0,30.4181,256,[114 -96 6 0 -6 -27 -7 -27 -7 -28 -7 -28 -8 -28 -8 -27 -8 -27 -9 -27 -9 -27 -9 -27 -9 -27 -8 -26 -9 -26 -8 -26 -8 -26 -7 -26 -6 -25 -5 -26 -4 -24 -4 -23 -3 -22 -2 -22 -1 -21 0 -21 1 -21 0 0 0 0 0 0 0 0 0 0 0 0 0 0 0 0 0 0 0 0 0 0 2 -8 2 -8 2 -8 2 -9 2 -9 1 -10 1 -10 0 -12 0 -12 0 -13 0 -14 0 -15 0 -16 0 -16 0 -17 -1 -19 -1 -19 -1 -20 -2 -20 -2 -21 -3 -23 -3 -23 -3 -24 -4 -25 -4 -25 -5 -26 ]

CSI_DATA,AP,46:C6:EE:AC:4F:DC,-43,11,1,7,0,0,1,0,0,0,1,-96,0,6,0,30725932,0,94,0,0,30.8977,256,[94 96 5 0 23 15 24 15 24 14 24 14 24 13 24 13 24 12 24 12 24 12 25 11 25 12 24 11 24 11 23 11 23 12 22 12 21 13 21 13 20 12 19 12 17 12 17 13 16 13 15 13 14 14 0 0 0 0 0 0 0 0 0 0 0 0 0 0 0 0 0 0 0 0 0 0 6 5 6 5 6 5 7 5 8 5 9 7 9 7 10 8 11 9 11 9 12 11 13 11 13 12 13 13 14 14 15 14 15 14 16 14 16 15 17 15 19 15 20 15 19 16 20 15 21 16 22 16 ]

CSI_DATA,AP,14:85:7F:82:8E:F8,-80,11,0,0,0,0,0,0,0,0,0,-96,0,6,0,31172169,0,222,0,0,31.3443,128,[-34 -32 13 0 -38 -1 -36 1 -43 -5 -34 -7 -37 -9 -35 -6 -33 -12 -37 -11 -36 -6 -27 -7 -27 -7 -28 -10 -32 -11 -27 -12 -27 -8 -20 -9 -18 -12 -14 -5 -10 -9 -11 -4 -10 -3 -6 -2 -3 2 -3 0 -1 1 0 0 0 0 0 0 0 0 0 0 0 0 0 0 0 0 0 0 0 0 0 0 5 -11 0 -12 3 -12 2 -15 2 -16 4 -15 2 -12 3 -14 -3 -13 0 -13 0 -19 -1 -19 -6 -15 -5 -11 -7 -11 -10 -13 -15 -12 -13 -10 -15 -8 -17 -3 -18 -2 -22 3 -18 -4 -24 5 -29 6 -31 1 ]

CSI_DATA,AP,14:85:7F:81:BF:55,-77,11,0,0,0,0,0,0,0,0,0,-96,0,6,0,32948346,0,222,0,0,33.1205,128,[-34 -32 13 0 -32 -3 -23 -2 -23 -4 -21 -4 -19 -2 -19 -2 -14 4 -13 1 -12 6 -9 5 -15 7 -10 8 -9 9 -8 8 -4 10 -5 7 -3 8 0 7 0 8 -1 12 -3 10 -4 12 -5 13 -4 8 -4 11 0 0 0 0 0 0 0 0 0 0 0 0 0 0 0 0 0 0 0 0 0 0 -2 6 -5 6 -10 6 -8 5 -9 5 -14 3 -15 5 -16 3 -21 2 -25 2 -28 2 -30 -1 -35 -1 -39 0 -31 -4 -41 -5 -36 -3 -37 -7 -31 -3 -35 -6 -36 -4 -35 -1 -33 -3 -34 -2 -37 -4 -38 -4 ]

CSI_DATA,AP,46:C6:EE:AC:4F:DC,-54,11,1,7,0,0,1,1,0,0,1,-96,1,6,0,34246653,0,110,0,0,34.4185,256,[110 96 6 0 -21 18 -21 18 -20 18 -20 19 -19 19 -18 18 -18 19 -18 19 -18 19 -18 19 -17 19 -17 19 -17 19 -17 18 -17 18 -17 17 -17 16 -17 16 -17 14 -17 14 -16 13 -16 13 -16 12 -17 11 -18 10 0 0 0 0 0 0 0 0 0 0 0 0 0 0 0 0 0 0 0 0 0 0 -9 8 -10 8 -10 8 -11 8 -11 9 -12 10 -12 10 -14 11 -14 10 -16 10 -17 10 -18 11 -18 11 -19 11 -20 12 -20 12 -20 13 -20 13 -21 13 -20 13 -22 14 -21 15 -21 16 -22 15 -22 16 -21 17 ]

CSI_DATA,AP,46:C6:EE:AC:4F:DC,-49,11,1,7,0,0,1,1,0,0,1,-96,1,6,0,35300336,0,122,0,0,35.4723,256,[122 32 7 0 -1 26 0 26 0 27 1 26 2 26 2 25 3 26 3 25 4 26 4 26 5 25 5 24 4 24 5 24 4 24 4 24 4 22 4 22 4 21 4 20 4 19 4 20 4 19 4 19 3 19 0 0 0 0 0 0 0 0 0 0 0 0 0 0 0 0 0 0 0 0 0 0 8 1 8 3 7 4 7 5 6 7 6 8 6 10 5 11 4 12 3 13 2 14 2 15 0 16 0 16 -1 17 -1 18 -2 19 -2 19 -3 19 -3 20 -3 21 -2 22 -2 23 -2 23 -1 24 -1 25 ]

CSI_DATA,AP,46:C6:EE:AC:4F:DC,-49,11,1,7,0,0,1,1,0,0,1,-96,1,6,0,35300455,0,114,0,0,35.4796,256,[114 -96 6 0 -29 -2 -29 -2 -29 -2 -29 -1 -29 0 -28 0 -29 1 -28 2 -29 2 -29 3 -29 3 -28 3 -27 3 -27 4 -27 3 -26 3 -25 3 -25 3 -24 3 -23 3 -22 3 -23 3 -22 3 -22 3 -22 2 0 0 0 0 0 0 0 0 0 0 0 0 0 0 0 0 0 0 0 0 0 0 -3 8 -4 7 -6 8 -7 7 -9 7 -10 6 -12 5 -13 4 -14 3 -15 2 -16 1 -17 0 -18 -1 -19 -2 -19 -2 -20 -3 -20 -4 -21 -4 -22 -4 -22 -4 -24 -5 -24 -4 -25 -4 -26 -4 -27 -3 -27 -3 ]

CSI_DATA,AP,46:C6:EE:AC:4F:DC,-49,11,1,7,0,0,1,1,0,0,1,-96,1,6,0,35321420,0,122,0,0,35.4931,256,[122 32 7 0 27 -3 27 -3 27 -4 27 -4 27 -5 26 -6 26 -6 26 -7 26 -8 26 -8 26 -8 25 -8 25 -8 24 -8 24 -8 23 -7 23 -7 22 -8 22 -7 20 -8 19 -8 19 -8 19 -8 20 -8 19 -7 0 0 0 0 0 0 0 0 0 0 0 0 0 0 0 0 0 0 0 0 0 0 1 -9 3 -10 4 -10 6 -9 7 -9 9 -8 10 -8 11 -7 12 -6 14 -6 14 -4 15 -3 17 -3 17 -2 19 -1 19 -1 20 0 20 0 21 0 21 0 22 0 23 0 23 0 25 -1 25 -1 25 -2 ]

CSI_DATA,AP,46:C6:EE:AC:4F:DC,-46,11,1,7,0,0,1,1,0,0,1,-96,1,6,0,36388702,0,114,0,0,36.5606,256,[114 -96 6 0 -19 20 -19 20 -18 21 -18 21 -18 21 -16 21 -16 21 -16 21 -16 21 -16 21 -15 21 -15 20 -15 21 -15 21 -15 20 -15 20 -14 19 -15 19 -14 18 -14 17 -14 17 -14 17 -15 16 -16 16 -17 15 0 0 0 0 0 0 0 0 0 0 0 0 0 0 0 0 0 0 0 0 0 0 -3 7 -4 7 -5 8 -6 9 -6 9 -7 10 -8 10 -9 11 -10 11 -12 11 -12 12 -13 12 -14 12 -15 12 -15 12 -15 13 -16 13 -16 13 -17 14 -17 14 -17 16 -17 16 -17 17 -18 18 -18 19 -18 19 ]

CSI_DATA,AP,46:C6:EE:AC:4F:DC,-47,11,1,7,0,0,1,1,0,0,1,-96,1,6,0,36556188,0,114,0,0,36.7279,256,[114 -96 6 0 21 -16 22 -16 22 -17 22 -17 22 -17 20 -17 21 -17 20 -18 20 -18 20 -18 21 -18 20 -17 20 -17 20 -17 21 -16 21 -15 21 -14 21 -13 20 -12 19 -11 19 -10 19 -10 18 -9 19 -9 19 -7 0 0 0 0 0 0 0 0 0 0 0 0 0 0 0 0 0 0 0 0 0 0 13 -7 13 -7 13 -6 14 -6 14 -6 14 -6 15 -6 15 -6 16 -7 17 -7 17 -7 18 -6 18 -7 19 -7 19 -7 19 -7 19 -7 20 -8 20 -8 20 -9 21 -10 21 -11 21 -11 21 -12 21 -13 21 -14 ]

CSI_DATA,AP,46:C6:EE:AC:4F:DC,-49,11,1,7,0,0,1,1,0,0,1,-96,1,6,0,36848234,0,129,0,0,37.02,256,[-127 -112 7 0 -7 27 -8 27 -8 28 -7 27 -7 27 -6 27 -6 27 -6 27 -6 28 -6 27 -6 27 -5 26 -6 25 -6 26 -6 25 -7 24 -7 23 -7 23 -7 22 -7 21 -6 20 -6 20 -6 20 -7 20 -7 19 0 0 0 0 0 0 0 0 0 0 0 0 0 0 0 0 0 0 0 0 0 0 -2 0 -1 1 -2 1 -1 3 -1 4 -1 5 -1 7 -1 8 -2 9 -3 10 -3 11 -4 12 -5 13 -5 13 -6 14 -6 15 -6 16 -6 16 -6 17 -6 18 -7 20 -6 21 -7 23 -6 23 -7 24 -6 25 ]

CSI_DATA,AP,46:C6:EE:AC:4F:DC,-50,11,1,6,0,0,1,1,0,0,0,-96,1,6,0,36850464,0,114,0,0,37.0275,256,[114 -96 6 0 4 25 4 26 4 25 4 26 5 26 5 25 5 25 5 25 6 24 6 25 6 25 6 24 5 24 5 23 5 23 5 22 4 22 3 22 3 21 3 20 3 19 3 19 3 19 2 19 2 19 0 0 0 0 0 0 0 0 0 0 0 0 0 0 0 0 0 0 0 0 0 0 -2 1 -1 1 -1 1 0 2 1 3 1 5 2 6 2 7 2 8 1 9 2 10 1 12 1 12 1 12 1 14 1 15 1 16 1 16 1 17 2 18 2 19 3 20 3 21 4 22 4 23 4 25 ]

CSI_DATA,AP,46:C6:EE:AC:4F:DC,-49,11,1,6,0,0,1,1,0,0,0,-96,1,6,0,36865946,0,114,0,0,37.0377,256,[114 -96 6 0 -31 -1 -32 -1 -31 -1 -32 -1 -31 0 -31 0 -31 0 -30 1 -30 1 -31 1 -31 1 -30 1 -30 0 -29 1 -29 0 -27 -1 -27 -1 -27 -1 -25 -2 -25 -2 -23 -2 -23 -2 -23 -2 -23 -2 -23 -4 0 0 0 0 0 0 0 0 0 0 0 0 0 0 0 0 0 0 0 0 0 0 -3 -4 -4 -3 -4 -2 -5 -2 -6 -1 -7 -1 -8 -1 -9 -1 -11 -1 -12 -1 -13 -2 -14 -2 -15 -2 -16 -3 -17 -3 -18 -3 -19 -3 -19 -3 -21 -3 -22 -2 -23 -2 -24 -1 -25 -1 -27 -1 -28 -1 -29 -1 ]

CSI_DATA,AP,46:C6:EE:AC:4F:DC,-48,11,1,6,0,0,1,1,0,0,0,-96,1,6,0,36866783,0,129,0,0,37.0457,256,[-127 -112 7 0 6 26 6 27 6 27 6 27 7 27 7 26 7 26 7 26 7 26 7 26 7 26 7 25 6 25 6 25 6 25 5 24 4 23 4 23 3 22 3 21 3 20 3 20 3 20 2 20 1 20 0 0 0 0 0 0 0 0 0 0 0 0 0 0 0 0 0 0 0 0 0 0 -2 3 -2 3 -1 3 0 4 0 4 1 5 1 6 2 8 2 9 1 9 2 11 2 12 1 12 1 13 2 15 2 16 2 17 2 17 2 18 3 18 4 19 4 20 5 22 5 23 6 24 6 25 ]

CSI_DATA,AP,46:C6:EE:AC:4F:DC,-46,11,1,6,0,0,1,1,0,0,0,-96,1,6,0,36893353,0,114,0,0,37.0652,256,[114 -96 6 0 -22 15 -23 15 -22 15 -22 16 -22 15 -21 16 -21 15 -21 16 -21 16 -21 16 -21 16 -20 16 -21 15 -21 14 -21 14 -20 13 -20 12 -20 12 -20 11 -19 10 -18 9 -18 10 -18 9 -19 9 -19 7 0 0 0 0 0 0 0 0 0 0 0 0 0 0 0 0 0 0 0 0 0 0 -7 1 -7 1 -7 2 -7 3 -7 3 -7 4 -8 4 -9 5 -10 5 -11 6 -11 6 -12 6 -13 7 -14 7 -15 7 -15 8 -16 8 -16 9 -17 9 -17 10 -18 11 -18 12 -19 13 -20 13 -20 14 -20 15 ]

CSI_DATA,AP,46:C6:EE:AC:4F:DC,-46,11,1,6,0,0,1,1,0,0,0,-96,1,6,0,36894177,0,129,0,0,37.0731,256,[-127 -112 7 0 8 24 8 25 8 25 8 25 9 25 8 24 8 24 8 24 9 24 9 24 9 24 9 23 9 23 7 23 7 23 7 22 6 22 5 22 4 21 4 20 4 20 4 19 4 19 3 20 2 20 0 0 0 0 0 0 0 0 0 0 0 0 0 0 0 0 0 0 0 0 0 0 -1 6 0 6 0 6 0 7 1 7 1 8 2 9 2 10 2 10 2 11 3 12 3 13 2 14 2 15 3 16 3 16 3 17 3 17 4 18 4 18 5 20 6 21 6 21 7 22 8 23 8 24 ]

CSI_DATA,AP,46:C6:EE:AC:4F:DC,-46,11,1,6,0,0,1,1,0,0,0,-96,1,6,0,36912741,0,129,0,0,37.0845,256,[-127 -112 7 0 28 -3 29 -3 28 -4 29 -4 28 -4 27 -4 28 -4 27 -5 27 -5 27 -6 27 -5 26 -5 26 -5 26 -4 26 -4 25 -3 25 -3 24 -3 23 -2 22 -2 21 -2 21 -1 21 -1 22 0 21 1 0 0 0 0 0 0 0 0 0 0 0 0 0 0 0 0 0 0 0 0 0 0 8 1 8 1 8 0 9 0 9 -1 10 -1 11 -1 12 0 13 0 14 -1 15 0 16 0 17 0 17 0 19 0 19 0 20 0 20 0 21 -1 22 -1 23 -1 24 -2 24 -2 26 -3 27 -3 27 -3 ]

CSI_DATA,AP,46:C6:EE:AC:4F:DC,-46,11,1,6,0,0,1,1,0,0,0,-96,1,6,0,36912864,0,114,0,0,37.0919,256,[114 -96 6 0 7 26 7 26 7 27 8 26 8 26 8 25 9 25 8 25 8 25 8 25 8 25 8 24 7 24 7 24 7 23 6 23 5 23 5 23 4 21 4 21 4 20 3 20 3 20 2 20 1 20 0 0 0 0 0 0 0 0 0 0 0 0 0 0 0 0 0 0 0 0 0 0 1 8 1 8 1 8 1 8 2 8 2 10 2 11 3 12 3 12 2 13 2 14 2 15 2 16 2 16 2 17 3 18 3 19 3 19 3 19 4 20 5 21 6 22 5 23 6 24 6 24 7 25 ]

CSI_DATA,AP,14:85:7F:81:BF:55,-76,11,0,0,0,0,0,0,0,0,0,-96,0,6,0,38233743,0,222,0,0,38.4059,128,[-34 -32 13 0 -12 -33 -8 -27 -12 -26 -4 -20 -5 -22 -7 -17 -7 -15 -8 -11 -13 -11 -9 -13 -10 -10 -10 -8 -12 -13 -10 -6 -14 -15 -15 -9 -12 -3 -9 -5 -11 -7 -15 -7 -15 -8 -13 -4 -14 -8 -6 -7 -12 -10 0 0 0 0 0 0 0 0 0 0 0 0 0 0 0 0 0 0 0 0 0 0 -9 -7 -7 -6 -9 -8 -11 -10 -8 -9 -11 -11 -9 -11 -9 -14 -11 -17 -10 -18 -13 -22 -15 -25 -14 -27 -13 -26 -12 -23 -15 -25 -15 -28 -17 -27 -16 -27 -20 -27 -16 -30 -15 -29 -14 -27 -17 -32 -15 -37 -18 -35 ]

CSI_DATA,AP,46:C6:EE:AC:4F:DC,-46,11,1,6,0,0,1,1,0,0,0,-96,1,6,0,38261039,0,114,0,0,38.4328,256,[114 -96 6 0 25 6 25 5 25 5 25 5 25 5 24 4 24 4 24 3 24 3 24 3 24 3 23 3 22 3 23 3 22 3 22 4 21 4 22 4 20 5 20 5 19 5 19 5 19 6 19 6 18 7 0 0 0 0 0 0 0 0 0 0 0 0 0 0 0 0 0 0 0 0 0 0 9 1 9 2 10 2 10 2 11 2 11 3 12 4 13 4 13 5 14 5 14 6 14 6 15 6 15 6 16 6 16 7 17 7 18 7 18 7 19 7 20 6 21 6 21 6 22 6 23 6 24 6 ]

CSI_DATA,AP,46:C6:EE:AC:4F:DC,-46,11,1,6,0,0,1,1,0,0,0,-96,1,6,0,38310958,0,114,0,0,38.4827,256,[114 -96 6 0 -27 12 -26 11 -26 12 -26 12 -26 12 -25 12 -25 12 -25 13 -24 13 -24 14 -24 14 -23 13 -23 13 -23 13 -23 12 -23 12 -22 11 -23 11 -22 10 -21 9 -21 9 -21 9 -21 9 -22 8 -22 6 0 0 0 0 0 0 0 0 0 0 0 0 0 0 0 0 0 0 0 0 0 0 -9 4 -10 4 -10 4 -11 4 -12 4 -12 4 -13 4 -14 4 -15 4 -16 4 -16 4 -17 4 -18 4 -19 4 -20 4 -20 5 -20 5 -21 5 -21 6 -22 6 -23 7 -23 8 -24 9 -24 10 -25 11 -25 11 ]

CSI_DATA,AP,14:85:7F:82:8E:F8,-81,11,0,0,0,0,0,0,0,0,0,-96,0,6,0,38945313,0,222,0,0,39.1175,128,[-34 -32 13 0 5 -34 12 -27 17 -25 20 -20 17 -24 24 -21 16 -12 20 -14 19 -10 19 -9 25 -4 24 -10 25 -5 21 -5 24 4 19 4 21 10 13 7 9 10 11 9 5 1 4 9 -1 9 1 10 -4 7 0 0 0 0 0 0 0 0 0 0 0 0 0 0 0 0 0 0 0 0 0 0 24 8 21 7 23 5 25 12 27 11 24 13 25 13 20 2 24 7 27 -1 23 2 25 0 26 -5 21 -9 29 -10 25 -10 23 -14 18 -17 16 -20 10 -20 12 -25 4 -26 8 -31 9 -31 3 -26 5 -28 ]

CSI_DATA,AP,46:C6:EE:AC:4F:DC,-50,11,1,6,0,0,1,1,0,0,0,-96,1,6,0,42452355,0,114,0,0,42.6243,256,[114 -96 6 0 18 -14 19 -15 20 -16 20 -16 20 -17 19 -17 20 -18 20 -19 20 -20 20 -21 21 -21 20 -20 21 -20 21 -21 22 -20 22 -20 22 -18 23 -18 23 -17 22 -16 21 -14 22 -14 21 -13 22 -12 21 -10 0 0 0 0 0 0 0 0 0 0 0 0 0 0 0 0 0 0 0 0 0 0 1 11 0 11 0 10 0 9 -1 8 0 7 0 7 0 5 1 5 2 4 2 3 3 2 4 1 5 1 6 0 7 -1 8 -2 9 -3 10 -3 11 -4 12 -5 13 -6 14 -8 15 -9 16 -9 16 -11 ]

CSI_DATA,AP,46:C6:EE:AC:4F:DC,-41,11,1,6,0,0,1,1,0,0,0,-96,1,6,0,43457196,0,116,0,0,43.629,256,[116 -64 6 0 24 11 24 11 24 11 24 10 25 10 24 9 25 8 25 8 25 7 25 7 26 7 25 7 25 8 25 8 25 9 24 9 23 10 23 10 22 11 20 11 19 11 19 11 18 12 18 13 17 14 0 0 0 0 0 0 0 0 0 0 0 0 0 0 0 0 0 0 0 0 0 0 13 6 13 8 12 8 13 8 12 9 13 10 13 10 14 11 14 11 14 11 15 12 15 13 15 13 15 13 16 14 16 14 17 14 17 14 18 13 18 14 19 13 20 13 20 13 21 13 22 12 23 12 ]

CSI_DATA,AP,46:C6:EE:AC:4F:DC,-41,11,1,6,0,0,1,1,0,0,0,-96,1,6,0,43469454,0,116,0,0,43.6412,256,[116 -64 6 0 -8 23 -8 24 -7 24 -6 24 -6 25 -5 24 -4 24 -4 25 -4 25 -4 26 -4 25 -4 25 -4 25 -4 25 -5 25 -6 24 -7 24 -8 24 -8 23 -8 21 -9 21 -9 20 -10 19 -11 19 -12 18 0 0 0 0 0 0 0 0 0 0 0 0 0 0 0 0 0 0 0 0 0 0 -7 14 -8 15 -8 13 -10 13 -10 13 -10 14 -10 14 -10 15 -11 14 -12 14 -12 15 -12 15 -12 15 -12 15 -12 16 -12 16 -12 17 -12 17 -12 18 -11 18 -11 19 -11 20 -10 20 -10 21 -9 22 -9 23 ]

CSI_DATA,AP,46:C6:EE:AC:4F:DC,-42,11,1,7,0,0,1,1,0,0,0,-96,1,6,0,43506360,0,121,0,0,43.6781,256,[121 16 7 0 6 -26 6 -25 5 -26 5 -26 4 -26 3 -26 3 -26 2 -26 2 -27 2 -27 2 -27 2 -26 2 -26 2 -27 3 -26 3 -26 4 -25 5 -25 5 -24 6 -23 6 -22 6 -22 7 -21 8 -21 9 -20 0 0 0 0 0 0 0 0 0 0 0 0 0 0 0 0 0 0 0 0 0 0 4 -15 5 -14 5 -15 6 -15 6 -15 6 -16 7 -16 8 -17 8 -16 9 -17 9 -17 10 -17 10 -17 10 -17 11 -18 10 -19 10 -19 10 -20 10 -20 10 -20 9 -21 9 -22 9 -23 8 -23 8 -24 7 -25 ]

CSI_DATA,AP,46:C6:EE:AC:4F:DC,-42,11,1,6,0,0,1,1,0,0,0,-96,1,6,0,43518611,0,121,0,0,43.6903,256,[121 16 7 0 24 -4 24 -4 25 -5 24 -6 24 -6 23 -7 24 -7 23 -8 24 -8 24 -8 24 -8 23 -7 23 -7 24 -7 24 -6 24 -5 24 -5 23 -4 23 -4 22 -3 21 -2 21 -1 21 0 21 0 20 2 0 0 0 0 0 0 0 0 0 0 0 0 0 0 0 0 0 0 0 0 0 0 13 -2 14 -2 14 -1 14 -1 15 -1 15 0 16 0 17 0 17 1 18 1 18 1 18 2 19 2 19 2 20 2 20 1 20 1 20 1 21 1 21 0 22 0 22 -1 22 -1 24 -2 24 -2 24 -3 ]

CSI_DATA,AP,14:85:7F:81:BF:55,-76,11,0,0,0,0,0,0,0,0,0,-96,0,6,0,43954292,0,222,0,0,44.1265,128,[-34 -32 13 0 26 -19 22 -17 20 -18 18 -16 17 -20 18 -18 16 -21 12 -20 13 -21 13 -22 17 -24 15 -24 13 -21 12 -22 15 -17 13 -21 9 -18 9 -16 10 -13 11 -14 10 -16 13 -14 14 -12 13 -11 8 -9 0 0 0 0 0 0 0 0 0 0 0 0 0 0 0 0 0 0 0 0 0 0 5 -6 6 -5 8 -10 9 -9 10 -6 10 -9 12 -9 10 -7 12 -11 16 -10 14 -15 17 -15 17 -14 20 -16 20 -15 19 -17 20 -18 15 -20 20 -23 21 -22 21 -23 24 -25 21 -23 23 -25 26 -25 23 -19 ]

CSI_DATA,AP,14:85:7F:82:8E:F8,-79,11,0,0,0,0,0,0,0,0,0,-96,0,6,0,45948798,0,222,0,0,46.1209,128,[-34 -32 13 0 -10 26 -15 24 -14 26 -19 25 -24 21 -20 19 -21 19 -21 23 -22 21 -23 22 -20 20 -22 24 -25 23 -20 19 -19 20 -18 19 -16 13 -15 10 -12 12 -11 10 -8 12 -7 11 -4 8 0 5 -1 4 0 0 0 0 0 0 0 0 0 0 0 0 0 0 0 0 0 0 0 0 0 0 -9 -12 -11 -11 -12 -11 -15 -11 -14 -11 -10 -11 -12 -10 -10 -8 -14 -8 -14 -3 -17 -4 -13 -6 -15 -2 -13 -1 -15 6 -12 2 -12 4 -7 5 -9 10 -6 12 -3 11 -3 11 -3 19 -2 18 -9 21 -6 20 ]

CSI_DATA,AP,14:85:7F:81:BF:55,-74,11,0,0,0,0,0,0,0,0,0,-96,0,6,0,48954049,0,222,0,0,49.1262,128,[-34 -32 13 0 25 -16 24 -16 20 -14 20 -13 15 -12 15 -17 12 -16 15 -16 13 -18 14 -17 12 -20 13 -18 13 -18 11 -16 13 -16 10 -16 10 -12 9 -12 7 -11 9 -14 9 -14 10 -13 9 -13 10 -9 9 -8 0 0 0 0 0 0 0 0 0 0 0 0 0 0 0 0 0 0 0 0 0 0 2 -9 6 -8 8 -11 9 -9 9 -12 10 -13 10 -12 12 -12 15 -12 20 -14 19 -15 21 -17 22 -18 23 -17 21 -16 25 -18 22 -20 20 -20 22 -19 25 -20 24 -21 25 -23 21 -19 25 -19 26 -22 25 -20 ]

CSI_DATA,AP,46:C6:EE:AC:4F:DC,-41,11,1,6,0,0,1,1,0,0,0,-96,1,6,0,50641469,0,114,0,0,50.8133,256,[114 -96 6 0 -24 -3 -24 -2 -24 -1 -25 -1 -25 1 -25 1 -25 2 -26 2 -26 2 -26 3 -27 2 -27 2 -27 3 -27 2 -28 1 -28 1 -27 0 -27 -1 -27 -2 -26 -2 -25 -4 -25 -5 -24 -6 -24 -7 -23 -9 0 0 0 0 0 0 0 0 0 0 0 0 0 0 0 0 0 0 0 0 0 0 -15 -10 -15 -11 -14 -11 -14 -12 -13 -12 -13 -12 -13 -13 -13 -13 -13 -12 -13 -13 -13 -13 -13 -13 -13 -12 -14 -12 -14 -12 -15 -11 -16 -11 -15 -10 -17 -9 -17 -9 -18 -8 -19 -8 -19 -7 -20 -7 -21 -6 -21 -5 ]

CSI_DATA,AP,46:C6:EE:AC:4F:DC,-53,11,1,6,0,0,1,1,0,0,0,-96,1,6,0,52433412,0,110,0,0,52.6052,256,[110 96 6 0 -18 19 -17 19 -17 20 -17 20 -17 21 -16 21 -15 22 -15 23 -15 24 -16 24 -15 24 -15 23 -16 23 -16 24 -17 23 -18 23 -18 22 -20 21 -20 20 -19 18 -19 17 -20 16 -20 15 -21 14 -21 12 0 0 0 0 0 0 0 0 0 0 0 0 0 0 0 0 0 0 0 0 0 0 -15 6 -15 5 -16 5 -16 4 -16 4 -16 4 -17 5 -17 4 -17 5 -18 5 -18 5 -18 5 -19 5 -18 5 -19 6 -19 7 -19 7 -19 8 -19 8 -19 10 -19 11 -19 11 -19 13 -19 14 -18 15 -18 16 ]

CSI_DATA,AP,46:C6:EE:AC:4F:DC,-55,11,1,6,0,0,1,1,0,0,0,-96,1,6,0,53000036,0,129,0,0,53.1719,256,[-127 -112 7 0 -8 -19 -9 -19 -9 -20 -11 -20 -11 -20 -12 -20 -12 -20 -13 -20 -13 -20 -14 -21 -14 -21 -14 -21 -14 -21 -13 -22 -13 -23 -12 -22 -12 -23 -11 -23 -10 -23 -9 -23 -8 -22 -7 -22 -6 -22 -5 -23 -3 -23 0 0 0 0 0 0 0 0 0 0 0 0 0 0 0 0 0 0 0 0 0 0 2 -14 3 -15 4 -14 4 -14 4 -13 3 -14 4 -15 5 -13 5 -13 4 -14 4 -14 3 -14 4 -15 4 -15 3 -16 2 -16 1 -17 1 -16 1 -16 0 -17 -1 -18 -1 -18 -3 -18 -4 -17 -5 -18 -5 -19 ]

CSI_DATA,AP,46:C6:EE:AC:4F:DC,-57,11,1,6,0,0,1,1,0,0,0,-96,1,6,0,53000166,0,114,0,0,53.1801,256,[114 -96 6 0 15 -13 15 -13 15 -14 15 -15 15 -15 14 -15 15 -16 14 -16 14 -17 14 -18 15 -18 14 -18 15 -18 15 -18 16 -18 17 -17 17 -16 18 -16 18 -15 18 -14 17 -13 18 -12 18 -11 18 -10 19 -8 0 0 0 0 0 0 0 0 0 0 0 0 0 0 0 0 0 0 0 0 0 0 12 -1 13 0 12 0 13 0 12 1 11 1 13 0 14 0 13 -2 13 0 13 0 13 0 14 0 14 -1 14 -1 14 -2 14 -2 14 -3 14 -3 14 -4 15 -5 15 -6 15 -7 14 -8 15 -9 14 -10 ]

CSI_DATA,AP,46:C6:EE:AC:4F:DC,-58,11,1,7,0,0,1,1,0,0,0,-96,2,6,0,53021852,0,129,0,0,53.1936,256,[-127 -112 7 0 -20 -8 -21 -8 -22 -8 -23 -7 -23 -6 -23 -6 -23 -6 -24 -6 -25 -5 -25 -5 -26 -5 -25 -5 -26 -5 -26 -6 -26 -7 -25 -7 -25 -9 -25 -10 -24 -10 -23 -11 -22 -11 -21 -11 -20 -12 -20 -13 -18 -14 0 0 0 0 0 0 0 0 0 0 0 0 0 0 0 0 0 0 0 0 0 0 -8 -12 -7 -13 -7 -13 -7 -13 -6 -12 -7 -13 -7 -13 -7 -13 -7 -13 -7 -13 -8 -14 -8 -13 -8 -13 -9 -13 -9 -13 -10 -13 -11 -13 -11 -12 -12 -12 -13 -12 -13 -11 -14 -11 -15 -11 -16 -10 -17 -9 -18 -9 ]

CSI_DATA,AP,46:C6:EE:AC:4F:DC,-47,11,1,6,0,0,1,1,0,0,0,-96,1,6,0,53046621,0,129,0,0,53.2183,256,[-127 -112 7 0 -2 -22 0 -22 -1 -22 -3 -24 -4 -23 -4 -24 -4 -23 -5 -24 -5 -25 -6 -25 -6 -26 -5 -25 -5 -25 -5 -26 -5 -26 -4 -26 -2 -26 -1 -26 -1 -26 0 -24 1 -24 2 -24 3 -23 4 -23 6 -22 0 0 0 0 0 0 0 0 0 0 0 0 0 0 0 0 0 0 0 0 0 0 8 -11 8 -10 9 -9 8 -10 8 -10 8 -10 9 -10 9 -10 8 -9 8 -10 9 -10 8 -11 9 -11 8 -12 8 -12 7 -13 7 -14 7 -15 6 -14 6 -15 5 -16 4 -17 4 -17 3 -18 2 -19 1 -20 ]

CSI_DATA,AP,46:C6:EE:AC:4F:DC,-48,11,1,6,0,0,1,1,0,0,0,-96,1,6,0,53046744,0,114,0,0,53.2261,256,[114 -96 6 0 16 -12 15 -12 16 -10 18 -13 18 -14 17 -14 17 -15 18 -16 17 -16 18 -16 18 -16 18 -16 19 -16 19 -16 20 -16 20 -15 20 -14 21 -13 20 -13 20 -12 20 -11 20 -9 20 -8 21 -7 20 -5 0 0 0 0 0 0 0 0 0 0 0 0 0 0 0 0 0 0 0 0 0 0 12 2 12 3 12 3 12 3 11 3 12 3 12 3 11 2 11 3 11 3 12 2 12 2 13 2 13 1 14 1 13 1 14 0 14 -1 15 -2 15 -2 15 -3 16 -4 16 -5 15 -6 16 -7 16 -7 ]

CSI_DATA,AP,46:C6:EE:AC:4F:DC,-51,11,1,6,0,0,1,1,0,0,0,-96,1,6,0,53066620,0,129,0,0,53.2384,256,[-127 -112 7 0 20 -10 20 -10 21 -11 21 -12 21 -12 20 -13 21 -14 21 -14 21 -15 22 -15 22 -15 22 -15 22 -15 23 -14 23 -14 24 -13 24 -12 25 -11 24 -10 24 -9 23 -8 23 -7 23 -5 23 -4 23 -2 0 0 0 0 0 0 0 0 0 0 0 0 0 0 0 0 0 0 0 0 0 0 13 3 12 4 12 3 12 4 12 4 12 4 12 5 13 4 13 4 13 3 13 4 12 3 13 4 12 15 16 3 17 2 15 1 15 1 16 0 16 -1 17 -2 17 -3 18 -4 18 -5 19 -6 19 -7 ]

CSI_DATA,AP,46:C6:EE:AC:4F:DC,-51,11,1,6,0,0,1,1,0,0,0,-96,1,6,0,53066750,0,114,0,0,53.2461,256,[114 -96 6 0 14 21 14 21 15 22 16 21 18 22 17 21 19 21 19 22 19 22 19 22 20 23 20 22 20 23 19 24 18 24 18 25 16 25 16 26 14 26 13 25 12 25 11 26 9 25 8 26 6 26 0 0 0 0 0 0 0 0 0 0 0 0 0 0 0 0 0 0 0 0 0 0 -2 16 -3 15 -3 15 -3 15 -4 15 -3 15 -3 15 -3 16 -3 15 -2 16 -2 15 0 14 4 18 -7 18 5 24 2 13 1 18 1 18 2 18 4 18 4 19 6 19 6 20 8 20 9 20 10 21 ]

CSI_DATA,AP,46:C6:EE:AC:4F:DC,-53,11,1,7,0,0,1,1,0,0,0,-96,1,6,0,53101433,0,119,0,0,53.2733,256,[119 -16 6 0 6 20 6 21 7 21 8 21 8 22 9 21 10 22 10 22 11 22 11 23 12 23 11 22 11 23 10 24 10 24 9 25 8 24 7 25 6 25 5 24 4 23 3 23 3 23 1 23 -1 22 0 0 0 0 0 0 0 0 0 0 0 0 0 0 0 0 0 0 0 0 0 0 -6 12 -6 12 -7 12 -7 11 -7 11 -7 11 -7 12 -7 12 -7 12 -7 12 -6 12 -6 13 -6 13 -5 12 -5 13 -6 15 -4 15 -3 15 -3 15 -2 16 -1 16 0 18 0 18 2 18 3 19 3 19 ]

CSI_DATA,AP,46:C6:EE:AC:4F:DC,-54,11,1,6,0,0,1,1,0,0,0,-96,1,6,0,53151719,0,119,0,0,53.3236,256,[119 -16 6 0 23 -5 23 -6 24 -7 24 -8 25 -8 24 -9 24 -10 24 -11 25 -11 25 -11 26 -12 25 -11 26 -11 26 -11 27 -10 27 -9 27 -8 27 -7 27 -7 26 -5 25 -4 25 -3 25 -2 25 -1 24 2 0 0 0 0 0 0 0 0 0 0 0 0 0 0 0 0 0 0 0 0 0 0 13 6 13 7 12 7 12 8 12 7 12 8 13 8 13 8 13 8 13 8 14 8 14 8 14 7 14 7 15 7 15 6 16 5 16 5 17 4 17 3 18 3 19 2 19 0 20 0 21 -2 21 -3 ]

CSI_DATA,AP,14:85:7F:81:BF:55,-74,11,0,0,0,0,0,0,0,0,0,-96,0,6,0,53174364,0,222,0,0,53.3463,128,[-34 -32 13 0 -21 -19 -19 -16 -19 -15 -18 -8 -14 -11 -17 -9 -16 -11 -18 -11 -15 -13 -16 -6 -16 -6 -22 -7 -13 -9 -22 -11 -8 -13 -12 -12 -18 -12 -15 -5 -4 -4 -8 -8 -7 -7 -10 -7 -7 -8 -6 -8 -5 -9 0 0 0 0 0 0 0 0 0 0 0 0 0 0 0 0 0 0 0 0 0 0 -11 -3 -10 -2 -12 -2 -13 -5 -12 -4 -13 -4 -13 -9 -19 -7 -17 -7 -21 -13 -27 -13 -27 -16 -26 -10 -31 -16 -29 -16 -28 -18 -27 -12 -28 -15 -25 -16 -26 -17 -27 -17 -30 -18 -25 -16 -28 -19 -29 -18 -26 -19 ]

CSI_DATA,AP,14:85:7F:81:BF:55,-75,11,0,0,0,0,0,0,0,0,0,-96,0,6,0,54960218,0,222,0,0,55.1323,128,[-34 -32 13 0 23 11 22 7 18 10 17 6 17 5 14 4 17 2 15 1 13 2 13 3 12 2 13 0 13 1 10 0 10 0 9 -2 10 -4 9 -2 9 -1 12 -1 12 -1 9 1 9 2 9 5 7 3 0 0 0 0 0 0 0 0 0 0 0 0 0 0 0 0 0 0 0 0 0 0 10 1 12 2 14 0 17 1 14 2 17 5 16 4 16 7 19 8 22 6 23 8 28 10 30 9 31 11 30 9 31 12 32 11 29 10 32 10 32 11 31 11 30 12 28 12 29 10 31 10 26 12 ]

CSI_DATA,AP,14:85:7F:82:8E:F8,-81,11,0,0,0,0,0,0,0,0,0,-96,0,6,0,55945820,0,222,0,0,56.1179,128,[-34 -32 13 0 10 27 1 31 -1 24 -8 28 -7 20 -8 21 -14 22 -13 24 -14 19 -18 25 -19 18 -16 21 -20 22 -15 19 -16 24 -19 18 -14 16 -13 12 -13 12 -11 7 -14 10 -8 6 -7 10 -2 3 1 2 0 0 0 0 0 0 0 0 0 0 0 0 0 0 0 0 0 0 0 0 0 0 -25 -8 -26 -6 -30 -6 -29 -3 -30 -8 -25 -7 -27 -5 -25 -6 -25 -2 -30 -5 -26 -1 -26 0 -20 6 -15 6 -13 9 -17 10 -10 16 -4 12 -5 10 -3 15 2 17 1 22 10 15 8 21 14 22 9 26 ]

CSI_DATA,AP,14:85:7F:82:8E:F8,-79,11,0,0,0,0,0,0,0,0,0,-96,0,6,0,59945517,0,222,0,0,60.1177,128,[-34 -32 13 0 5 27 1 23 3 24 -7 19 -11 16 -9 19 -13 13 -19 15 -20 14 -20 14 -24 16 -27 18 -28 17 -27 15 -28 17 -28 13 -25 10 -22 11 -23 12 -20 11 -22 9 -17 8 -13 6 -11 3 -8 4 0 0 0 0 0 0 0 0 0 0 0 0 0 0 0 0 0 0 0 0 0 0 -21 -12 -20 -12 -24 -11 -22 -13 -22 -11 -25 -13 -21 -13 -20 -10 -20 -14 -25 -8 -22 -7 -23 -1 -19 2 -14 6 -12 8 -9 12 -3 21 1 15 -1 18 3 19 3 18 8 25 12 27 8 20 15 22 13 27 ]

CSI_DATA,AP,14:85:7F:81:BF:55,-76,11,0,0,0,0,0,0,0,0,0,-96,0,6,0,59950159,0,222,0,0,60.1258,128,[-34 -32 13 0 5 -11 0 -4 -5 -12 1 -3 -1 -1 -2 4 -10 6 -3 2 -9 6 -11 6 -14 3 -7 5 5 4 -11 12 -20 11 -2 13 -9 9 -3 4 -10 6 -5 -1 -7 10 -7 9 -6 6 -3 2 -6 4 0 0 0 0 0 0 0 0 0 0 0 0 0 0 0 0 0 0 0 0 0 0 4 -18 4 -18 8 -17 9 -20 10 -20 12 -20 14 -21 15 -18 16 -20 17 -25 24 -29 23 -22 17 -31 19 -31 19 -26 23 -27 14 -17 11 -30 9 -33 10 -24 13 -23 10 -29 14 -24 8 -21 5 -22 1 -26 ]